6.2:10 6.3:15 6.8:42 6.9:88 7:317 7.1:43358 
179 468 223 303 205 301 497 412 477 193 19 344 467 219 9 103 244 296 435 162 160 1 365 26 337 370 444 194 199 227 51 341 215 256 307 246 312 376 217 330 176 248 224 328 222 91 206 327 59 79 93 92 57 30 457 155 142 168 236 387 489 44 46 129 496 408 125 208 343 18 94 10 49 13 202 389 391 418 460 39 124 278 475 450 380 130 279 284 433 110 232 449 285 251 112 484 306 263 106 407 233 280 372 189 137 138 437 261 377 338 492 297 421 321 66 379 197 459 409 305 419 282 97 441 158 
minDistance: 7.1
cost: 62806
capacity: 75588
time: 43358
maxTime: 60000
LS1: 66680/79853
LS2: 5585/13173
LS3: 0/0
shakeIters: 7577
shakeLoops: 756
