6.3:10 6.4:349 6.8:392 6.9:698 7:7368 7.1:19625 
194 1 130 57 94 219 142 13 435 284 178 484 280 429 496 340 380 282 19 419 8 444 39 18 197 321 232 70 91 122 327 457 391 344 97 176 339 409 202 217 389 437 353 205 477 256 355 108 452 371 306 46 145 305 23 106 261 124 260 30 460 433 26 372 407 365 263 215 93 227 179 376 421 59 423 459 137 160 223 193 497 387 312 303 489 418 125 338 248 251 279 377 92 112 208 233 301 79 307 334 468 445 412 66 408 341 158 337 162 171 370 236 110 450 475 343 189 492 328 296 330 297 454 222 467 
minDistance: 7.1
cost: 62791
capacity: 75629
time: 19625
maxTime: 60000
LS1: 66474/79881
LS2: 5644/13407
LS3: 0/0
shakeIters: 7750
shakeLoops: 771
