6.4:16 6.9:47 7:1262 7.1:19783 
496 418 467 39 106 334 59 444 206 91 340 130 263 459 421 301 475 97 380 306 246 13 208 142 99 176 18 179 365 233 227 222 26 409 162 127 243 248 232 280 282 460 477 148 296 371 492 279 270 370 312 419 497 178 454 260 223 387 468 93 70 158 321 328 112 137 344 215 429 368 297 74 219 217 389 92 307 341 261 437 193 343 353 303 372 94 125 205 377 337 160 66 457 79 256 110 197 450 30 376 202 423 391 338 327 19 408 251 330 339 1 407 194 189 489 199 57 435 171 355 412 35 305 
minDistance: 7.1
cost: 62794
capacity: 75585
time: 19783
maxTime: 60000
LS1: 67720/81099
LS2: 5084/13379
LS3: 0/0
shakeIters: 8283
shakeLoops: 824
