6.3:16 6.4:41 6.8:116 6.9:516 7:7344 7.1:10693 
94 130 18 412 171 270 13 158 46 327 407 97 112 496 99 454 421 459 383 419 435 380 489 189 256 39 334 217 321 263 391 30 365 227 284 475 120 206 92 449 450 232 191 279 484 178 429 370 125 231 199 205 301 376 467 26 179 91 344 377 208 137 194 312 296 106 297 197 337 285 372 160 305 57 343 437 355 110 389 59 248 1 251 477 19 328 409 280 233 93 338 51 261 202 330 222 219 460 307 177 79 303 418 341 468 497 444 262 138 142 408 127 347 9 66 
minDistance: 7.1
cost: 62814
capacity: 75580
time: 10693
maxTime: 60000
LS1: 62852/75729
LS2: 4759/12877
LS3: 0/0
shakeIters: 8100
shakeLoops: 806
