6:12 6.3:42 6.4:106 6.8:152 6.9:186 7:411 
418 208 297 181 337 340 106 307 189 461 383 459 92 191 1 70 138 202 339 205 137 412 279 160 265 140 312 338 79 248 380 467 251 158 303 409 38 344 296 437 74 18 232 197 460 261 129 496 475 193 19 110 341 13 343 323 407 262 429 468 371 328 122 365 301 370 433 93 389 49 177 284 112 179 489 435 305 222 377 477 451 231 421 39 199 10 178 130 298 94 194 478 256 217 450 497 127 227 376 51 57 280 419 263 91 120 408 321 278 30 66 206 59 26 97 444 330 125 219 233 168 372 
minDistance: 7
cost: 62815
capacity: 75568
time: 411
maxTime: 60000
LS1: 58947/72597
LS2: 6669/13650
LS3: 0/0
shakeIters: 6969
shakeLoops: 693
