6:10 6.4:24 6.8:63 6.9:100 7:287 7.1:1569 
497 459 91 208 142 387 103 197 338 251 370 475 303 97 176 334 178 496 467 301 193 409 205 261 365 408 51 376 449 222 194 437 305 202 160 217 59 327 26 94 138 246 371 412 321 429 179 341 492 106 219 435 350 19 66 307 407 296 57 450 256 189 419 223 112 206 389 330 10 248 92 215 162 279 18 377 284 457 232 343 177 79 454 30 444 297 155 328 252 460 39 1 282 99 372 130 306 477 421 380 468 433 122 93 21 379 129 418 280 137 263 344 13 46 285 233 227 158 125 489 278 337 312 
minDistance: 7.1
cost: 62815
capacity: 75617
time: 1569
maxTime: 60000
LS1: 75110/87757
LS2: 4483/12647
LS3: 0/0
shakeIters: 8151
shakeLoops: 813
