6:11 6.3:34 6.4:150 6.9:195 7:429 7.1:2087 
407 284 341 99 444 409 70 457 321 51 26 137 429 176 338 248 334 489 8 312 79 138 449 130 260 66 380 433 125 18 437 219 217 391 103 142 418 468 377 387 178 372 327 344 305 389 301 371 193 497 93 282 467 251 370 189 343 421 435 337 171 199 162 202 194 303 460 376 252 246 206 160 365 179 127 328 355 59 30 94 296 492 412 91 108 496 57 256 112 74 197 92 279 307 419 205 227 208 263 13 222 39 330 261 297 477 158 19 450 233 106 232 459 306 280 379 1 408 475 
minDistance: 7.1
cost: 62804
capacity: 75566
time: 2087
maxTime: 60000
LS1: 69964/83625
LS2: 4335/13661
LS3: 0/0
shakeIters: 9313
shakeLoops: 927
