18.2:29 21.7:68 22:76 22.8:96 24:118 24.2:350 24.5:366 25.3:395 25.7:421 25.9:471 26:503 26.4:752 26.5:1140 26.6:1229 26.9:1364 27.2:1372 27.3:2305 27.7:4083 28.6:4244 29.3:4575 29.4:6303 
389 99 216 141 62 442 39 380 159 495 280 183 171 250 489 173 455 46 433 349 213 371 487 155 98 47 175 472 355 188 18 258 187 93 465 228 486 14 291 292 83 235 61 422 127 238 483 226 466 32 123 406 174 484 154 485 263 326 385 319 405 137 48 142 322 477 351 323 297 52 328 434 496 54 312 383 363 286 105 452 401 375 185 261 447 262 51 202 8 266 160 178 40 427 356 132 249 110 288 298 294 230 
minDistance: 29.4
cost: 92017
capacity: 74619
time: 6303
maxTime: 60000
LS1: 324832/338602
LS2: 2188/13770
LS3: 0/0
shakeIters: 11560
shakeLoops: 1151
