18.7:36 22.6:78 23:95 23.1:105 23.8:120 23.9:248 24.5:260 26:288 26.6:316 26.9:490 27.3:498 27.4:1001 28.5:4114 28.7:12134 
52 154 127 159 24 355 183 48 46 174 333 375 262 247 171 18 474 188 185 319 40 249 123 434 312 36 454 155 132 99 216 401 398 131 472 292 414 356 54 258 202 101 386 367 34 79 321 293 483 280 141 297 389 73 326 466 320 287 391 137 110 250 83 173 260 190 383 213 286 96 228 413 489 14 106 61 323 477 263 209 187 62 438 241 300 288 322 363 47 158 427 270 406 294 226 385 405 487 181 422 170 234 455 371 349 264 98 
minDistance: 28.7
cost: 88935
capacity: 74615
time: 12134
maxTime: 60000
LS1: 293435/306603
LS2: 3509/13168
LS3: 0/0
shakeIters: 9645
shakeLoops: 962
