17.6:19 17.8:30 17.9:52 19.2:66 20.6:81 21.1:92 21.7:134 25.4:203 25.9:219 26:559 26.2:585 26.4:1084 26.8:1128 26.9:1196 27.1:22735 27.3:28627 27.6:29274 28.7:29942 29.1:31141 
99 183 174 297 294 386 292 422 263 488 229 137 30 34 355 391 346 264 36 367 415 286 161 14 241 46 483 135 22 377 54 158 270 249 487 258 235 312 356 319 472 61 489 110 155 32 349 1 454 328 490 93 371 87 280 18 39 106 213 112 477 300 427 398 179 62 40 401 466 447 83 405 98 159 323 140 485 389 434 202 188 474 414 224 142 171 250 455 216 326 187 127 47 288 52 406 260 247 262 57 101 185 269 
minDistance: 29.1
cost: 90074
capacity: 74631
time: 31141
maxTime: 60000
LS1: 308471/322050
LS2: 3206/13579
LS3: 0/0
shakeIters: 10351
shakeLoops: 1032
