17.5:33 18.1:39 21.1:86 24.4:121 25:134 25.2:327 25.3:479 25.6:499 25.9:608 26:1353 26.2:2763 26.4:5154 26.5:5800 26.9:6189 27.1:8945 27.3:12115 28.2:12222 28.4:12489 30.5:15587 
447 160 235 294 28 67 482 355 496 249 87 40 492 51 321 142 127 483 309 171 18 389 105 401 487 32 322 123 438 99 484 1 374 183 288 83 155 258 320 178 188 101 174 39 349 236 187 110 328 60 406 264 359 331 405 198 61 224 230 312 173 46 422 486 430 343 270 499 477 161 280 128 427 352 489 466 250 166 163 433 346 351 35 8 14 454 229 458 313 206 263 434 495 216 371 141 30 52 179 137 202 286 91 185 396 
minDistance: 30.5
cost: 91176
capacity: 74615
time: 15587
maxTime: 60000
LS1: 304610/318113
LS2: 3556/13503
LS3: 0/0
shakeIters: 9922
shakeLoops: 988
