20.5:45 20.9:64 21.7:87 22.1:125 22.8:249 23:260 23.9:271 24.4:287 24.8:307 25:314 25.2:564 25.4:577 25.9:589 26:604 26.2:1348 26.4:5591 26.8:5608 27.1:6648 27.4:8981 29.3:9181 29.5:9269 30.1:9948 30.4:10559 
47 161 235 173 141 280 137 264 140 472 389 326 230 105 14 171 405 455 54 206 434 250 427 486 489 383 463 6 132 238 87 154 160 8 174 127 351 257 48 300 329 258 32 353 401 263 288 312 485 270 213 185 18 319 62 291 65 108 262 183 496 328 349 484 39 169 98 153 101 226 205 249 155 355 483 433 454 61 292 321 142 487 46 159 322 286 40 57 92 356 422 495 477 202 51 83 447 148 297 216 466 385 178 229 52 
minDistance: 30.4
cost: 91067
capacity: 74832
time: 10559
maxTime: 60000
LS1: 305502/319373
LS2: 3684/13871
LS3: 0/0
shakeIters: 10161
shakeLoops: 1013
