18.7:41 20.7:70 21.1:156 21.2:199 24.4:216 25.5:280 25.9:287 26.4:328 26.9:341 27.4:418 28:1629 28.5:2869 28.7:40939 29.1:54836 
202 128 292 173 160 460 183 474 260 209 483 14 250 293 477 434 308 73 54 262 329 18 179 371 96 438 101 123 270 319 98 106 83 79 141 299 367 454 363 398 375 42 401 47 40 323 62 216 185 391 213 132 343 159 321 349 110 127 46 145 170 34 355 431 190 258 228 137 467 369 249 389 312 455 51 322 466 297 413 342 396 264 356 223 489 226 241 105 125 181 171 144 169 131 470 427 12 423 405 422 48 153 148 174 333 155 463 300 280 294 383 286 61 
minDistance: 29.1
cost: 90776
capacity: 74638
time: 54836
maxTime: 60000
LS1: 303104/316314
LS2: 4646/13210
LS3: 0/0
shakeIters: 8550
shakeLoops: 852
