20.3:30 24.4:81 25.1:130 26:145 26.4:158 26.9:205 28.4:349 28.5:354 28.7:756 29.3:917 29.5:1342 29.6:2813 29.7:8587 
166 483 213 205 286 35 467 336 123 216 46 323 137 190 52 171 496 187 155 484 397 422 66 487 32 141 229 326 48 401 463 331 343 291 319 300 132 433 178 51 62 466 105 321 248 474 356 112 226 183 235 455 202 389 12 181 185 371 413 154 153 173 294 40 292 54 5 174 412 322 258 31 249 256 438 250 405 148 264 83 489 28 101 293 170 454 14 391 160 349 169 430 158 379 210 288 383 161 370 434 270 312 18 396 87 144 355 
minDistance: 29.7
cost: 90382
capacity: 74598
time: 8587
maxTime: 60000
LS1: 310619/324440
LS2: 4105/13821
LS3: 0/0
shakeIters: 9703
shakeLoops: 969
