17.6:24 17.9:31 21.9:82 22.8:92 23:102 24.1:127 24.4:135 25.2:170 26.2:186 26.5:259 26.8:384 27.1:947 27.3:7923 27.4:8481 28.3:24215 28.6:24297 28.8:27236 29:27242 29.3:28156 29.4:28586 
363 1 496 61 455 386 312 18 341 106 326 356 229 483 264 7 127 110 298 179 452 490 355 466 371 286 13 319 442 184 433 292 182 346 485 280 46 62 297 121 434 123 14 187 170 175 263 291 250 422 107 399 349 447 83 155 430 202 294 206 300 270 474 402 142 247 141 456 427 266 48 499 322 183 288 487 54 185 216 132 137 172 161 281 235 411 209 32 265 188 159 370 385 29 47 104 228 98 406 472 489 463 174 401 351 36 
minDistance: 29.4
cost: 92056
capacity: 74591
time: 28586
maxTime: 60000
LS1: 302317/315886
LS2: 3228/13569
LS3: 0/0
shakeIters: 10320
shakeLoops: 1028
