21.1:49 21.2:62 21.5:100 24.4:166 25:250 25.6:591 25.9:674 26:712 26.4:2011 26.5:2170 26.9:2382 27.3:2446 27.4:3163 27.6:3179 28.7:3300 29.1:49017 
155 367 260 171 106 292 319 148 389 264 249 396 300 209 216 47 169 321 22 181 224 145 455 32 105 235 294 183 34 467 371 127 12 262 477 391 343 261 297 174 207 141 226 101 323 154 250 42 161 18 312 205 185 128 454 434 137 173 349 322 241 293 286 413 83 470 52 159 483 202 87 62 423 398 46 30 329 355 466 213 239 51 54 190 61 123 474 40 288 489 98 438 99 160 258 401 144 170 158 356 280 229 14 487 405 383 422 
minDistance: 29.1
cost: 91819
capacity: 74592
time: 49017
maxTime: 60000
LS1: 302119/315373
LS2: 3578/13254
LS3: 0/0
shakeIters: 9660
shakeLoops: 962
