18.6:43 20.3:56 20.5:84 22.8:106 25.1:128 25.2:147 25.9:232 26.2:2325 26.3:3618 26.4:4581 26.5:4942 26.6:5083 26.8:5277 27.6:5414 29.2:8420 29.3:10253 29.5:14877 
54 52 171 28 485 178 40 286 121 132 79 466 159 39 320 323 386 98 183 427 264 447 67 142 48 250 489 169 226 154 216 173 401 349 160 148 385 262 158 45 249 174 46 155 258 375 96 18 483 83 198 60 383 141 317 101 487 495 484 288 321 389 434 356 51 312 472 496 263 99 340 391 371 355 213 137 280 270 477 127 291 328 294 322 455 413 140 57 110 297 14 185 405 202 422 285 87 326 187 474 61 298 235 153 433 238 47 
minDistance: 29.5
cost: 88761
capacity: 74608
time: 14877
maxTime: 60000
LS1: 320122/333199
LS2: 3081/13077
LS3: 0/0
shakeIters: 9978
shakeLoops: 994
