19.4:36 20.3:95 21.6:173 22.3:191 22.7:286 22.8:316 24.3:347 24.9:444 25.2:496 25.9:512 26:646 26.4:667 26.5:1157 26.9:1192 
383 365 61 139 427 123 262 185 395 467 258 183 300 494 170 294 465 204 310 141 321 110 40 241 137 250 79 188 463 223 96 347 148 340 209 450 438 48 252 260 483 46 135 98 477 51 413 264 179 280 474 235 378 286 132 178 106 52 158 74 181 105 281 323 163 355 292 288 261 127 187 466 326 14 293 297 249 338 385 371 125 401 396 202 377 389 32 29 47 115 263 454 489 349 336 496 312 45 363 190 174 412 291 134 405 216 356 175 71 434 455 391 155 24 
minDistance: 26.9
cost: 91228
capacity: 74660
time: 1192
maxTime: 60000
LS1: 279005/291868
LS2: 4459/12863
LS3: 0/0
shakeIters: 8389
shakeLoops: 835
