20:53 22.6:92 22.9:108 25:177 25.4:186 25.9:195 26:354 26.6:360 26.9:703 27.1:1845 27.4:5297 27.6:20659 29.3:20879 29.6:22029 29.7:44096 
14 401 265 262 264 235 62 376 287 288 159 371 421 161 8 104 179 490 137 83 144 135 300 455 206 496 153 466 346 483 313 485 422 434 239 12 105 213 294 65 477 51 169 160 112 250 224 93 363 142 181 474 280 258 141 487 492 365 205 123 229 351 170 99 1 349 46 175 489 415 297 106 261 433 405 202 158 216 355 187 171 249 185 174 472 127 312 484 458 178 18 291 183 155 292 389 266 454 32 173 52 431 286 166 61 319 30 
minDistance: 29.7
cost: 91838
capacity: 74707
time: 44096
maxTime: 60000
LS1: 305615/319860
LS2: 4211/14245
LS3: 0/0
shakeIters: 10019
shakeLoops: 1000
