6.6:9 6.7:32 6.9:119 7.1:178 7.2:767 7.3:916 
143 474 472 4 290 139 344 500 358 82 80 133 128 368 428 335 147 226 401 424 491 196 207 403 194 322 227 470 189 414 13 199 212 152 447 394 78 410 300 54 66 338 339 245 116 337 389 237 348 463 29 250 159 366 334 466 374 75 85 161 406 113 287 391 9 477 122 213 485 435 400 255 27 25 178 324 146 180 87 286 165 326 265 84 93 145 125 173 210 190 496 45 434 444 243 416 1 57 464 8 171 409 16 205 233 486 102 155 340 201 97 238 193 240 284 19 204 479 298 452 258 114 14 268 349 432 246 
minDistance: 7.3
cost: 61930
capacity: 76091
time: 916
maxTime: 60000
LS1: 57197/69137
LS2: 3837/11940
LS3: 0/0
shakeIters: 8094
shakeLoops: 807
