6.5:8 6.6:14 6.7:26 6.9:130 7.1:502 7.2:3933 7.3:4337 
326 45 284 416 334 31 322 255 85 452 409 259 300 201 329 410 57 15 108 265 122 227 298 290 380 384 25 344 245 391 113 453 4 237 207 477 226 19 196 434 199 27 190 9 401 374 486 343 146 435 349 243 145 13 463 114 444 470 212 78 161 428 462 246 147 485 8 193 29 469 406 74 491 324 250 275 204 348 447 213 128 139 155 287 210 165 75 178 338 16 80 466 93 479 339 286 167 335 152 173 66 497 340 84 189 394 97 82 400 432 471 54 403 424 225 268 238 44 1 240 366 194 368 102 159 345 448 87 116 42 472 
minDistance: 7.3
cost: 61952
capacity: 76135
time: 4337
maxTime: 60000
LS1: 63751/75689
LS2: 5185/11938
LS3: 0/0
shakeIters: 6740
shakeLoops: 672
