6.7:8 7.1:54 7.2:1259 7.3:1618 
348 240 80 464 84 284 384 143 194 1 57 326 453 374 410 27 400 212 479 29 405 416 114 102 466 189 82 500 16 301 258 380 201 222 227 334 237 145 486 472 497 339 246 213 491 85 452 225 204 193 159 65 165 424 335 132 250 287 113 9 139 391 238 432 463 401 97 196 54 389 146 215 171 13 78 178 444 190 469 340 435 344 394 19 369 345 161 245 8 265 290 470 45 403 366 333 124 322 180 338 368 243 259 447 409 363 434 147 365 458 286 255 299 155 234 298 477 428 349 199 300 75 210 93 207 496 4 480 484 173 427 152 406 
minDistance: 7.3
cost: 61950
capacity: 76092
time: 1618
maxTime: 60000
LS1: 65843/78291
LS2: 4681/12448
LS3: 0/0
shakeIters: 7758
shakeLoops: 774
