6:18 6.3:34 6.6:85 6.7:95 6.9:194 7:521 7.1:603 7.2:7414 7.3:8764 
147 477 368 225 265 54 227 113 1 394 287 500 349 243 474 159 339 122 299 469 143 226 428 173 326 340 16 8 97 460 152 42 114 416 44 259 237 13 160 444 155 479 145 87 66 93 210 470 300 199 120 82 213 335 29 454 245 366 75 45 205 391 85 246 401 84 348 374 361 322 193 447 280 27 406 207 19 324 255 194 215 74 80 165 334 250 212 409 4 435 298 102 486 204 290 146 238 78 189 240 403 463 190 286 139 15 466 424 452 178 344 400 133 9 275 491 201 432 410 161 125 338 284 343 128 434 496 492 
minDistance: 7.3
cost: 61935
capacity: 76093
time: 8764
maxTime: 60000
LS1: 60650/72237
LS2: 4371/11587
LS3: 0/0
shakeIters: 7200
shakeLoops: 717
