6.3:10 6.5:17 6.7:59 6.9:81 7:186 7.1:226 7.2:923 7.3:1303 
196 193 213 29 474 225 435 460 469 287 290 1 8 173 366 82 298 180 80 26 204 238 348 368 215 275 145 454 284 120 412 265 374 255 84 338 159 9 246 207 226 444 75 486 199 416 27 328 391 322 210 59 201 479 165 406 409 66 74 410 240 500 432 369 143 190 401 442 300 147 463 178 243 349 102 161 133 227 113 245 114 466 128 44 339 299 139 326 13 344 42 334 97 394 155 259 477 45 389 447 25 485 403 152 189 237 78 424 492 194 85 340 491 286 335 400 116 452 54 4 146 428 445 19 222 212 470 122 93 434 453 16 
minDistance: 7.3
cost: 61948
capacity: 76146
time: 1303
maxTime: 60000
LS1: 64537/76012
LS2: 4762/11475
LS3: 0/0
shakeIters: 6696
shakeLoops: 666
