6.3:10 6.7:48 6.9:245 7.1:421 7.3:1366 
334 265 120 338 238 348 243 290 54 212 275 201 101 215 497 225 434 19 300 27 452 409 444 159 207 199 97 9 496 322 193 384 146 435 406 491 45 87 463 326 246 147 374 113 460 139 486 287 44 80 155 173 102 479 161 194 227 255 474 344 133 160 369 26 299 180 190 339 428 432 122 400 210 114 470 447 82 16 361 464 250 248 78 213 391 189 394 84 85 8 286 469 93 237 145 453 165 284 466 143 293 454 472 259 401 366 226 245 29 335 14 484 477 75 349 74 66 13 178 410 416 1 403 368 424 152 298 4 340 240 
minDistance: 7.3
cost: 61933
capacity: 76104
time: 1366
maxTime: 60000
LS1: 62583/74055
LS2: 3877/11472
LS3: 0/0
shakeIters: 7583
shakeLoops: 754
