6:6 6.3:14 6.5:30 6.7:68 6.9:134 7.1:222 7.2:392 7.3:853 
338 259 246 161 152 29 435 178 472 391 13 343 122 226 225 207 190 238 326 392 452 213 406 337 8 44 401 189 172 496 93 4 19 268 9 423 78 1 469 212 255 243 171 477 85 366 155 128 139 322 298 432 84 287 17 16 464 416 374 87 227 250 108 74 97 193 434 348 66 102 424 204 474 394 143 466 300 159 116 349 344 133 194 245 369 470 54 335 444 146 165 447 334 145 173 113 368 403 114 340 479 31 339 463 410 57 59 45 82 210 400 201 454 290 324 286 240 125 265 486 199 80 361 284 237 491 409 27 428 
minDistance: 7.3
cost: 61923
capacity: 76094
time: 853
maxTime: 60000
LS1: 61736/72318
LS2: 4278/10582
LS3: 0/0
shakeIters: 6289
shakeLoops: 623
