6.9:25 7.1:107 7.2:502 7.3:3418 
78 165 280 322 410 54 466 190 146 366 394 161 189 27 286 298 326 113 16 401 243 324 452 391 215 409 4 470 496 207 435 349 245 44 500 65 26 155 213 159 339 389 212 172 147 85 102 87 152 133 45 340 485 210 344 434 84 240 225 406 428 416 193 299 368 199 194 19 13 255 82 374 300 265 97 178 128 454 180 275 464 91 497 338 400 238 9 393 290 334 201 122 460 477 75 80 160 93 453 491 444 143 250 492 486 424 259 348 474 432 447 145 226 139 204 335 173 284 1 114 227 237 403 66 287 74 479 120 246 196 8 469 29 
minDistance: 7.3
cost: 61894
capacity: 76140
time: 3418
maxTime: 60000
LS1: 61529/72362
LS2: 4277/10833
LS3: 0/0
shakeIters: 6542
shakeLoops: 651
