6.7:9 6.9:113 7.1:221 7.2:1506 7.3:2192 
463 145 226 122 201 250 349 434 389 370 416 268 57 245 152 4 225 143 27 8 87 125 97 84 159 248 484 246 348 298 16 237 454 199 82 500 384 284 485 74 238 189 366 403 25 374 400 466 326 474 380 240 146 300 464 120 337 178 334 44 497 243 255 190 477 9 193 45 486 424 165 210 93 161 492 344 339 479 119 428 259 80 213 66 78 442 13 391 401 194 368 85 54 290 447 335 29 394 406 265 196 147 409 102 435 315 287 338 133 432 212 1 114 173 227 322 207 113 155 340 19 444 116 491 215 452 286 410 139 
minDistance: 7.3
cost: 61932
capacity: 76105
time: 2192
maxTime: 60000
LS1: 60464/71541
LS2: 3379/11077
LS3: 0/0
shakeIters: 7688
shakeLoops: 766
