6:5 6.5:11 6.7:40 6.9:62 7:580 7.1:902 7.2:2638 7.3:4192 
394 1 194 245 225 400 391 193 470 120 85 466 275 287 246 4 13 84 152 338 82 54 75 222 496 178 286 491 474 227 113 339 435 452 290 122 74 492 348 139 180 410 326 145 45 114 201 406 147 374 238 29 160 190 335 189 159 133 444 259 349 143 204 8 155 447 298 44 80 16 334 212 210 19 340 370 300 401 463 485 284 368 213 486 102 196 500 125 240 93 424 428 250 237 389 116 265 344 432 27 9 409 322 255 416 207 199 226 78 477 146 403 243 57 173 324 161 66 414 268 165 434 464 97 479 366 
minDistance: 7.3
cost: 61895
capacity: 76128
time: 4192
maxTime: 60000
LS1: 62117/73012
LS2: 2964/10895
LS3: 0/0
shakeIters: 7910
shakeLoops: 787
