5.7:5 6.5:20 6.7:167 6.9:221 7:250 7.1:270 7.2:1526 7.3:2125 
185 178 491 171 113 54 343 139 190 172 87 349 45 284 290 391 82 8 479 335 227 42 97 75 44 496 189 196 85 466 394 287 213 340 265 416 212 250 122 324 401 338 448 286 400 161 428 492 225 452 114 194 4 444 25 374 127 108 322 57 116 298 424 299 334 259 1 368 344 207 205 199 173 384 13 240 78 432 403 143 204 16 165 237 74 477 147 366 29 210 410 326 193 245 201 409 300 31 370 255 66 145 469 80 339 93 84 146 463 226 27 275 454 434 19 243 102 246 447 155 406 125 435 485 317 238 159 160 345 470 486 152 348 
minDistance: 7.3
cost: 61943
capacity: 76090
time: 2125
maxTime: 60000
LS1: 59052/70514
LS2: 5185/11462
LS3: 0/0
shakeIters: 6264
shakeLoops: 622
