6.2:6 6.5:19 6.7:54 6.9:225 7.1:323 7.2:6938 7.3:7821 
145 250 80 238 155 87 453 284 444 29 380 409 374 358 13 161 474 243 322 93 414 190 486 127 54 286 205 78 27 496 485 237 434 97 147 201 466 491 394 344 268 255 338 258 248 432 189 349 199 259 340 424 31 139 384 348 416 212 326 82 207 159 196 428 298 334 403 227 290 215 366 240 470 1 152 16 477 4 435 300 8 165 335 75 368 464 479 193 410 160 45 452 265 226 114 19 108 401 204 454 287 469 194 65 102 210 113 122 146 225 400 463 246 412 234 447 84 339 66 173 180 143 406 85 391 213 245 472 178 
minDistance: 7.3
cost: 61948
capacity: 76089
time: 7821
maxTime: 60000
LS1: 63409/75785
LS2: 3974/12376
LS3: 0/0
shakeIters: 8394
shakeLoops: 837
