6.7:16 6.9:136 7.1:227 7.2:2607 7.3:2758 
338 155 389 452 189 401 45 403 204 240 1 344 213 326 287 225 491 366 193 212 59 74 368 82 410 80 13 152 237 102 298 113 54 286 374 435 453 143 250 97 348 246 238 78 434 199 479 474 255 447 210 226 334 165 259 406 201 194 335 477 391 245 178 400 358 147 416 485 243 121 161 173 207 4 339 133 87 299 145 190 42 139 340 290 26 27 65 66 469 496 159 424 122 394 284 114 85 16 500 15 196 227 432 444 8 470 44 93 349 84 9 409 466 463 280 492 146 300 265 428 445 486 322 29 19 120 460 
minDistance: 7.3
cost: 61940
capacity: 76102
time: 2758
maxTime: 60000
LS1: 64347/76750
LS2: 4581/12403
LS3: 0/0
shakeIters: 7812
shakeLoops: 779
