6.7:27 6.9:67 7:437 7.1:471 7.2:2728 7.3:3644 
345 190 245 326 113 227 189 301 201 477 87 8 453 139 349 486 143 1 290 428 173 463 80 406 496 409 178 85 348 434 491 9 19 432 259 29 27 454 226 75 275 300 448 339 14 344 54 15 84 246 180 452 369 338 340 394 207 210 410 470 66 444 391 82 114 435 16 500 196 212 42 193 284 401 145 403 250 165 237 374 238 286 265 74 492 146 199 466 215 287 152 116 485 97 424 45 240 147 324 205 194 479 102 78 26 334 213 93 366 400 4 368 335 255 161 447 122 13 423 171 160 469 416 243 44 298 155 225 159 322 
minDistance: 7.3
cost: 61948
capacity: 76122
time: 3644
maxTime: 60000
LS1: 62905/75508
LS2: 5620/12603
LS3: 0/0
shakeIters: 6971
shakeLoops: 694
