20.2:52 20.6:59 21:84 22.1:195 23.2:372 23.4:420 23.8:465 24.3:472 24.7:481 25.1:491 25.4:1506 25.6:1592 25.8:6908 25.9:15960 26.2:20466 
300 442 335 308 311 333 411 33 469 192 284 150 307 215 320 385 138 211 332 324 254 63 379 61 309 79 288 452 98 350 435 261 437 327 301 35 384 482 237 155 398 499 298 272 102 264 447 13 390 81 47 180 431 160 207 228 221 90 441 331 416 20 360 455 76 466 359 188 394 113 290 407 297 262 229 369 121 82 381 251 48 498 373 326 484 336 195 23 304 299 449 57 169 39 393 286 343 38 108 111 312 344 415 291 323 489 120 341 242 
minDistance: 26.2
cost: 95891
capacity: 76522
time: 20466
maxTime: 60000
LS1: 302709/316997
LS2: 4271/14288
LS3: 0/0
shakeIters: 9999
shakeLoops: 995
