21.3:58 21.8:85 22.7:107 23:359 23.9:377 24.1:410 24.7:437 24.9:1385 25.1:1966 25.8:2058 25.9:2197 26.1:2444 26.3:2860 26.4:6122 26.8:15731 26.9:44898 
100 486 11 489 50 6 369 111 272 33 63 478 251 320 390 299 431 447 125 286 407 373 336 290 21 314 415 341 394 264 35 232 327 498 459 441 81 497 470 322 42 265 106 381 38 79 266 262 54 466 92 428 248 217 455 467 166 174 349 263 20 228 195 360 392 261 112 359 215 88 61 416 213 48 113 102 304 301 307 153 51 312 150 221 463 192 55 254 25 114 331 343 323 23 207 284 355 188 324 155 258 116 350 332 169 274 411 297 160 16 47 379 
minDistance: 26.9
cost: 96135
capacity: 76526
time: 44898
maxTime: 60000
LS1: 299450/313578
LS2: 4791/14128
LS3: 0/0
shakeIters: 9318
shakeLoops: 927
