20.1:41 23.7:84 23.8:275 24.1:433 24.3:439 24.6:508 24.7:513 25.3:1319 25.4:8175 25.5:8828 25.6:18334 25.8:20259 25.9:20461 
333 211 371 441 306 403 169 328 225 283 311 116 6 288 221 163 436 148 174 346 215 76 302 61 327 78 268 407 13 195 114 21 103 160 150 355 231 466 491 106 481 326 222 19 457 48 379 312 65 262 299 239 112 63 323 307 286 331 359 210 264 182 270 49 332 38 207 29 138 261 16 217 369 321 385 382 111 490 37 289 308 102 81 79 25 370 232 139 456 351 484 451 20 180 285 212 248 54 149 125 251 64 272 162 93 258 447 426 253 126 416 228 
minDistance: 25.9
cost: 95143
capacity: 76539
time: 20461
maxTime: 60000
LS1: 292171/305740
LS2: 4538/13569
LS3: 0/0
shakeIters: 9016
shakeLoops: 899
