19.3:60 20.2:90 20.8:115 21.3:144 21.5:156 21.8:324 22:360 22.4:393 22.7:397 23.5:413 23.8:431 23.9:436 24.5:570 24.7:637 24.9:800 25.1:3202 25.3:3555 26.2:3983 
264 266 211 192 457 332 299 160 307 204 102 274 222 286 481 331 88 248 195 416 312 251 324 61 426 351 212 276 478 38 447 33 155 300 261 6 196 63 221 64 350 54 169 232 262 231 403 288 425 373 81 16 106 327 11 263 19 344 431 304 207 21 138 392 384 111 359 48 470 47 148 35 116 466 215 112 379 135 326 230 29 308 159 49 123 343 113 320 407 301 402 441 355 498 217 228 79 369 25 323 174 346 272 302 20 289 180 
minDistance: 26.2
cost: 95590
capacity: 76521
time: 3983
maxTime: 60000
LS1: 308104/321720
LS2: 3134/13616
LS3: 0/0
shakeIters: 10462
shakeLoops: 1041
