19.7:63 21.4:85 21.8:131 22:142 22.7:159 23:183 23.4:837 24.4:912 24.5:1796 24.9:1828 25.6:2027 25.9:2317 26.3:2798 
35 234 371 81 102 113 262 484 162 155 55 92 385 286 230 425 111 407 460 261 437 20 148 100 327 215 398 210 486 79 46 290 260 211 289 466 308 312 384 320 326 419 270 373 251 455 160 298 212 266 213 18 401 304 311 281 48 359 346 323 221 344 272 248 61 188 343 47 242 299 379 285 263 318 451 355 195 360 387 411 253 16 207 307 141 21 88 23 38 332 445 228 369 71 313 135 365 146 232 108 416 432 180 333 174 441 217 59 331 258 64 457 415 116 297 
minDistance: 26.3
cost: 96122
capacity: 76632
time: 2798
maxTime: 60000
LS1: 294200/307392
LS2: 4033/13192
LS3: 0/0
shakeIters: 9142
shakeLoops: 910
