20.6:43 21.8:64 22:74 22.1:84 23.4:101 23.9:200 24.9:225 25.1:1704 25.3:1709 25.5:4662 25.6:4862 
368 369 192 445 426 429 261 304 212 19 51 478 446 299 392 355 490 385 195 217 150 35 76 81 327 125 228 106 463 71 379 336 232 88 21 45 38 452 351 233 312 457 111 286 402 371 225 324 211 20 207 64 258 25 248 222 466 138 186 416 298 48 47 447 301 112 52 276 272 146 155 291 320 49 63 281 277 455 98 163 215 168 333 310 79 113 153 359 425 323 23 245 350 394 331 407 118 311 307 194 262 362 16 193 160 102 344 415 174 
minDistance: 25.6
cost: 95482
capacity: 76583
time: 4862
maxTime: 60000
LS1: 313488/327037
LS2: 3655/13549
LS3: 0/0
shakeIters: 9882
shakeLoops: 986
