21:45 21.8:365 22.4:392 22.6:411 23.4:424 24.6:640 24.7:709 24.9:719 25.6:766 25.9:1151 26.2:2784 26.3:47056 26.4:50761 
283 59 239 35 135 20 234 392 174 323 327 79 6 302 211 141 499 431 249 498 281 318 466 215 217 320 195 102 38 81 489 311 21 160 289 248 484 332 331 260 381 111 93 433 308 463 290 16 254 355 253 213 138 426 146 159 284 304 297 359 29 343 360 369 470 242 116 403 37 299 483 437 153 385 233 362 350 232 441 92 173 258 47 15 277 88 398 19 11 384 63 210 298 64 286 196 447 113 407 276 449 103 326 41 379 228 373 416 307 496 207 344 71 312 261 272 
minDistance: 26.4
cost: 95376
capacity: 76567
time: 50761
maxTime: 60000
LS1: 287757/301940
LS2: 6432/14183
LS3: 0/0
shakeIters: 7734
shakeLoops: 770
