15.6:26 20.2:58 21.4:70 21.5:78 21.8:85 22.6:136 23.4:152 23.6:175 23.9:188 24.1:272 24.2:297 24.5:351 24.6:393 24.9:1414 25.3:1957 25.8:1978 25.9:16404 26.2:33751 
16 321 13 467 326 211 174 76 331 355 63 61 392 299 457 231 217 308 148 302 253 318 474 81 390 239 332 162 195 403 466 169 491 19 498 21 155 327 159 297 359 38 48 382 264 25 416 36 341 311 79 314 221 47 470 323 288 272 49 210 484 29 138 286 373 54 116 64 370 258 324 207 215 228 150 232 125 312 481 102 407 268 290 289 441 307 248 261 343 139 425 262 362 160 447 369 78 251 212 463 111 182 112 431 123 11 114 379 20 
minDistance: 26.2
cost: 95664
capacity: 76530
time: 33751
maxTime: 60000
LS1: 295619/308980
LS2: 4010/13361
LS3: 0/0
shakeIters: 9330
shakeLoops: 929
