20.7:66 21:83 23.4:151 23.6:175 23.9:417 24.3:458 24.4:539 24.6:631 24.9:2065 25:3613 25.1:3775 25.3:3780 25.5:4669 25.8:6503 25.9:6512 26:10566 26.4:12559 26.8:19726 
466 254 217 150 455 416 36 175 127 237 392 52 16 343 499 281 238 113 452 297 35 335 20 394 290 211 327 207 284 331 121 92 81 373 225 474 229 99 411 90 415 359 184 261 195 79 451 71 333 23 272 268 213 311 350 155 108 63 112 192 323 369 262 38 489 332 233 307 51 138 441 48 160 39 41 188 320 312 21 449 273 371 326 368 111 49 381 13 437 161 463 379 291 355 426 64 385 336 47 118 228 447 102 146 362 215 324 298 264 
minDistance: 26.8
cost: 95227
capacity: 76567
time: 19726
maxTime: 60000
LS1: 312157/325492
LS2: 3137/13335
LS3: 0/0
shakeIters: 10174
shakeLoops: 1012
