16.1:16 21:60 22.2:190 22.4:209 23.5:234 24.2:243 24.7:254 25.5:1387 25.9:2299 26.1:5048 26.2:9449 26.3:34235 26.6:36642 26.9:37583 27.1:41483 27.6:41867 
258 360 146 359 272 425 217 54 232 59 466 35 100 47 323 463 173 116 455 421 498 390 108 403 277 253 38 268 81 174 254 331 74 210 332 46 113 63 457 320 301 261 327 196 114 155 195 369 437 392 343 285 102 141 398 326 21 290 188 16 79 299 148 234 36 428 407 48 297 111 160 211 447 333 184 213 385 312 250 474 92 41 248 64 349 441 262 112 20 88 228 52 371 311 486 317 373 159 307 350 314 364 207 366 135 231 118 336 263 459 219 61 355 411 415 
minDistance: 27.6
cost: 96033
capacity: 76704
time: 41867
maxTime: 60000
LS1: 297326/310569
LS2: 5001/13243
LS3: 0/0
shakeIters: 8224
shakeLoops: 818
