19.8:51 21:72 21.9:101 22.3:159 22.6:169 22.9:215 23.9:356 24.1:370 24.3:1891 24.4:4645 24.6:7792 24.9:8642 25.1:13225 25.3:14693 
416 436 299 45 286 263 488 254 157 217 148 116 332 210 344 64 481 23 180 325 188 177 324 115 350 466 248 160 280 272 163 498 174 38 198 328 126 233 54 266 159 312 106 308 446 456 49 1 169 381 297 323 407 484 199 215 447 331 207 412 125 333 489 483 139 468 111 52 321 48 232 20 302 496 478 150 369 441 474 338 55 50 101 346 88 79 25 282 63 326 355 307 413 354 231 235 341 184 98 385 327 431 459 16 290 336 155 258 36 359 204 65 264 253 213 
minDistance: 25.3
cost: 96161
capacity: 76524
time: 14693
maxTime: 60000
LS1: 300607/313972
LS2: 4012/13365
LS3: 0/0
shakeIters: 9338
shakeLoops: 930
