6.1:13 7:67 7.1:600 7.2:11876 
187 61 50 161 255 313 43 311 380 15 75 417 372 350 460 140 150 222 308 247 155 281 439 87 430 32 260 419 324 190 12 310 434 19 97 362 1 241 245 322 304 71 137 145 240 409 397 267 452 188 239 360 307 69 147 126 396 496 120 480 279 53 176 470 400 172 325 92 297 349 378 232 328 88 285 101 235 130 393 402 382 94 488 447 4 416 106 338 441 28 458 345 151 226 95 473 49 160 139 104 99 309 77 468 424 110 274 25 390 415 437 81 132 477 290 394 196 250 490 70 162 200 298 
minDistance: 7.2
cost: 61005
capacity: 74889
time: 11876
maxTime: 60000
LS1: 50516/62448
LS2: 4780/11932
LS3: 0/0
shakeIters: 7142
shakeLoops: 712
