6.3:13 6.5:20 7:74 7.1:272 7.2:3139 
311 307 452 126 308 350 97 325 365 245 70 87 460 281 162 104 416 247 147 226 470 285 110 496 94 349 151 189 260 439 29 279 139 99 240 434 4 160 304 32 92 417 229 424 132 106 150 490 397 488 390 393 120 267 232 468 322 441 430 12 176 338 426 140 161 196 458 415 71 101 290 447 298 137 190 222 19 15 239 313 130 297 419 324 200 50 445 61 380 145 477 360 255 378 88 400 437 1 188 396 81 187 443 25 362 383 28 402 409 241 328 480 121 372 
minDistance: 7.2
cost: 60992
capacity: 74853
time: 3139
maxTime: 60000
LS1: 52657/64837
LS2: 2979/12180
LS3: 0/0
shakeIters: 9185
shakeLoops: 915
