5:5 6.1:20 6.5:35 6.6:68 7:108 7.1:777 7.2:10650 
81 50 460 349 322 496 71 92 150 190 63 255 393 69 470 101 378 480 32 241 232 394 415 447 70 260 239 350 274 226 147 97 132 452 176 172 400 345 298 161 488 281 140 396 162 402 279 424 126 188 438 409 94 240 474 43 324 110 139 325 61 441 4 75 28 459 307 267 200 313 196 130 87 309 151 104 437 285 397 328 473 419 290 1 160 416 341 338 468 25 372 187 383 95 106 12 308 458 19 311 390 430 145 198 477 382 380 137 360 62 120 245 362 235 297 417 189 15 88 77 439 
minDistance: 7.2
cost: 61003
capacity: 74855
time: 10650
maxTime: 60000
LS1: 54422/66963
LS2: 5042/12541
LS3: 0/0
shakeIters: 7486
shakeLoops: 746
