6.6:11 6.8:495 6.9:548 7:588 7.1:1872 7.2:10332 
372 349 274 200 197 267 240 71 176 285 137 132 362 183 445 298 106 488 126 307 232 396 447 15 318 87 439 190 104 438 196 424 247 92 16 12 281 29 187 241 61 402 145 255 139 75 43 324 390 430 28 417 350 279 150 172 140 452 468 409 151 308 250 470 458 110 360 101 297 416 25 383 70 380 85 496 188 120 311 477 304 19 1 434 189 322 4 480 94 226 313 161 393 162 97 32 459 378 147 441 419 239 222 397 328 160 338 415 130 245 400 260 290 50 460 325 88 81 365 
minDistance: 7.2
cost: 60996
capacity: 74885
time: 10332
maxTime: 60000
LS1: 62728/74720
LS2: 4072/11992
LS3: 0/0
shakeIters: 7906
shakeLoops: 786
