4.8:5 5:10 5.1:20 6.1:34 6.8:49 7:98 7.1:134 7.2:21286 
402 426 222 1 61 409 298 382 285 99 487 360 140 378 247 362 110 151 32 441 267 372 4 279 176 200 325 137 311 160 390 255 232 393 419 70 349 92 290 81 341 101 424 188 328 161 71 260 488 132 77 183 97 50 274 452 87 309 473 417 187 397 437 43 350 126 106 338 460 318 162 416 383 430 28 400 240 308 480 297 104 245 447 150 380 394 324 196 281 139 95 439 120 425 396 94 189 12 25 190 145 88 496 313 147 470 458 119 477 322 307 15 415 241 130 19 468 75 226 490 
minDistance: 7.2
cost: 60996
capacity: 74853
time: 21286
maxTime: 60000
LS1: 61184/74184
LS2: 5201/13000
LS3: 0/0
shakeIters: 7786
shakeLoops: 776
