6.1:6 6.5:16 6.6:73 6.9:101 7:152 7.1:418 7.2:14372 
396 285 31 87 345 298 488 50 161 496 434 380 187 400 460 416 468 362 324 297 240 105 439 445 172 402 1 28 25 200 232 397 252 160 417 393 390 260 63 477 139 126 196 97 338 176 279 378 229 132 443 150 437 349 140 281 151 383 120 4 267 61 241 71 88 458 447 308 274 255 311 106 130 92 94 32 147 239 15 328 190 372 145 325 75 307 12 409 70 19 226 290 313 162 322 104 419 360 342 99 452 430 230 350 441 29 444 365 424 490 81 480 245 121 101 470 459 188 137 
minDistance: 7.2
cost: 61005
capacity: 74857
time: 14372
maxTime: 60000
LS1: 57202/69387
LS2: 4618/12185
LS3: 0/0
shakeIters: 7552
shakeLoops: 752
