5.1:6 6.8:23 7:66 7.1:111 7.2:16649 
437 394 19 297 99 137 132 200 81 190 488 147 139 32 295 87 240 160 372 239 245 496 350 285 390 416 196 424 1 447 385 120 480 241 426 260 439 12 414 363 380 97 460 322 130 490 315 284 140 393 101 425 397 198 328 188 434 313 409 126 475 71 24 247 267 232 365 452 176 419 49 342 304 84 477 281 29 308 4 430 298 70 145 69 172 162 458 349 274 360 189 311 187 94 290 106 468 325 150 110 121 441 470 402 279 417 104 28 255 161 378 443 307 396 235 25 151 362 456 338 400 50 445 
minDistance: 7.2
cost: 60951
capacity: 74853
time: 16649
maxTime: 60000
LS1: 60977/73014
LS2: 5635/12037
LS3: 0/0
shakeIters: 6391
shakeLoops: 638
