6.5:20 6.6:54 7:96 7.1:570 7.2:47070 
61 50 150 473 84 415 87 360 424 189 232 106 434 416 245 313 426 477 470 110 120 496 190 311 396 363 187 325 255 378 4 188 71 372 439 126 172 456 362 380 430 160 345 94 488 290 285 162 139 383 101 397 196 307 393 400 140 281 239 419 441 308 151 382 350 267 260 409 132 1 385 452 414 349 460 147 105 297 487 25 304 480 176 12 250 81 77 35 145 99 200 322 198 402 417 137 443 468 104 70 437 274 247 32 298 390 97 458 328 130 241 161 19 338 447 279 475 28 240 
minDistance: 7.2
cost: 60985
capacity: 74858
time: 47070
maxTime: 60000
LS1: 65611/77973
LS2: 5111/12362
LS3: 0/0
shakeIters: 7240
shakeLoops: 721
