6.5:19 6.6:74 6.8:95 7:127 7.1:861 7.2:5392 
400 101 397 419 139 345 360 488 322 460 120 97 187 480 459 70 239 28 430 496 325 308 328 240 12 75 25 132 226 416 190 390 110 94 311 279 362 394 87 477 290 281 396 267 285 298 106 470 188 473 71 162 342 147 402 88 260 487 15 434 383 437 350 372 77 255 50 232 458 241 92 425 349 438 126 196 155 104 130 447 61 176 19 160 441 443 344 81 382 1 378 338 324 313 247 150 297 145 200 415 304 424 468 274 172 393 137 380 452 183 409 161 439 4 417 151 307 140 
minDistance: 7.2
cost: 60964
capacity: 74861
time: 5392
maxTime: 60000
LS1: 52584/64460
LS2: 3894/11876
LS3: 0/0
shakeIters: 7968
shakeLoops: 794
