5.5:5 6.4:19 6.6:34 6.8:56 7:125 7.1:583 7.2:48261 
25 480 458 396 298 322 190 350 437 380 130 378 425 416 488 345 106 439 385 255 162 297 172 426 87 460 19 477 260 328 419 470 409 50 28 32 4 424 77 99 452 200 475 150 97 285 132 81 71 383 382 188 295 232 151 245 362 349 120 160 284 342 29 94 140 139 110 274 445 189 126 241 393 145 372 84 338 313 395 290 468 70 239 1 279 104 307 441 101 61 430 222 137 390 360 400 447 183 311 325 496 247 402 240 443 397 456 12 417 308 267 161 176 196 121 281 147 187 
minDistance: 7.2
cost: 60997
capacity: 74878
time: 48261
maxTime: 60000
LS1: 67058/79466
LS2: 5173/12408
LS3: 0/0
shakeIters: 7219
shakeLoops: 717
