6.6:17 6.9:136 7.1:203 7.2:1968 
297 104 419 198 61 458 139 324 313 235 349 94 360 120 441 416 263 247 447 50 390 162 338 362 32 488 439 311 402 132 176 239 260 372 468 267 28 417 437 81 409 187 240 279 1 88 241 322 308 430 415 196 274 394 160 480 190 226 126 443 161 342 400 315 496 70 19 424 12 285 298 151 232 378 309 477 145 130 444 490 200 473 396 140 307 281 328 426 150 290 380 460 393 183 383 99 365 188 397 325 137 147 92 245 25 106 101 15 97 452 71 350 87 4 189 470 255 
minDistance: 7.2
cost: 61007
capacity: 74873
time: 1968
maxTime: 60000
LS1: 53415/65858
LS2: 3841/12443
LS3: 0/0
shakeIters: 8592
shakeLoops: 857
