6.1:6 6.9:49 7:88 7.1:2498 7.2:13823 
120 187 70 362 50 349 151 15 378 434 307 239 95 309 460 458 400 222 32 61 438 200 88 477 372 241 12 69 232 172 183 419 424 490 140 162 226 324 322 394 235 132 267 402 81 19 43 383 304 94 176 393 437 426 488 260 279 290 468 459 4 160 198 147 470 415 298 452 409 196 397 77 396 439 28 338 104 101 441 328 139 190 297 87 247 92 311 106 97 255 150 496 110 313 480 25 382 1 325 161 189 350 188 447 240 380 390 425 71 285 308 360 281 145 417 126 416 473 137 430 
minDistance: 7.2
cost: 60962
capacity: 74856
time: 13823
maxTime: 60000
LS1: 54829/67249
LS2: 4794/12420
LS3: 0/0
shakeIters: 7615
shakeLoops: 759
