7.9:140 8:249 8.1:315 8.2:891 8.3:1524 
217 77 42 470 391 326 86 275 159 417 447 415 392 182 280 79 320 444 74 157 453 143 198 245 60 240 310 278 353 316 186 228 93 127 12 174 13 89 116 219 290 294 272 130 140 27 75 168 15 366 277 387 489 352 448 452 46 132 17 296 167 496 95 94 442 154 429 222 368 25 437 414 467 82 36 255 282 202 171 410 131 386 215 207 281 92 402 147 297 101 481 284 473 397 193 23 238 155 243 41 390 11 472 355 313 210 234 409 260 432 105 20 252 305 149 
minDistance: 8.3
cost: 89390
capacity: 72210
time: 1524
maxTime: 60000
LS1: 156331/164211
LS2: 3073/7880
LS3: 0/0
shakeIters: 4794
shakeLoops: 476
