7.9:95 8:219 8.1:488 8.2:773 8.3:10344 
320 234 297 282 252 46 437 313 316 155 278 353 447 355 20 79 163 167 387 472 12 130 82 105 141 101 77 496 473 481 60 171 143 157 240 279 366 168 186 11 182 13 217 478 127 290 465 55 236 414 193 432 409 292 174 198 382 17 470 94 36 260 358 327 392 386 452 305 310 442 66 444 228 116 42 15 27 89 280 275 23 132 406 25 334 159 74 489 391 154 326 92 212 284 86 140 245 402 95 379 16 147 323 53 448 417 410 296 390 243 
minDistance: 8.3
cost: 91334
capacity: 72207
time: 10344
maxTime: 60000
LS1: 165761/174665
LS2: 3487/8904
LS3: 0/0
shakeIters: 5398
shakeLoops: 535
