7.8:62 8:119 8.1:466 8.2:1092 8.3:2286 
415 280 46 402 240 448 147 74 155 66 140 53 210 278 391 86 132 390 397 496 182 429 470 444 20 272 302 60 243 467 310 432 452 22 473 245 101 42 284 207 79 92 11 12 171 428 159 198 355 313 296 366 260 95 477 77 281 148 442 234 386 353 13 27 410 409 15 116 130 277 305 2 89 252 241 478 174 17 163 157 149 121 275 228 392 323 217 489 316 36 414 472 290 387 193 447 154 320 238 82 127 358 382 94 168 25 55 326 283 481 131 
minDistance: 8.3
cost: 89523
capacity: 72235
time: 2286
maxTime: 60000
LS1: 149902/156814
LS2: 2155/6912
LS3: 0/0
shakeIters: 4741
shakeLoops: 470
