7.9:80 8:173 8.1:641 8.2:12059 8.3:13580 
392 13 410 147 131 116 15 327 143 334 130 25 132 105 154 448 387 278 157 320 127 252 53 101 186 82 355 444 243 353 168 275 279 198 390 379 171 391 478 255 456 406 467 155 260 382 366 163 417 11 316 36 414 238 470 313 217 77 305 240 452 284 17 420 228 442 79 42 437 94 215 121 297 140 415 409 20 46 280 75 277 447 86 496 358 89 423 481 164 292 386 23 193 234 60 290 222 402 489 182 326 236 92 74 310 174 453 159 472 473 27 95 12 
minDistance: 8.3
cost: 90678
capacity: 72211
time: 13580
maxTime: 60000
LS1: 150615/157664
LS2: 2250/7049
LS3: 0/0
shakeIters: 4782
shakeLoops: 474
