8:139 8.1:224 8.2:5462 8.3:5758 
390 98 79 310 186 326 392 313 472 305 154 391 131 159 215 174 402 355 86 101 222 116 11 25 53 168 92 22 143 429 12 470 478 423 140 60 155 127 415 481 386 473 432 36 27 82 448 13 453 442 366 353 467 278 93 447 316 46 202 277 456 387 74 452 219 157 130 77 212 20 228 410 275 182 296 42 236 105 193 132 290 17 75 358 260 489 167 297 417 294 207 284 414 23 217 280 272 94 444 240 292 379 171 409 198 95 147 234 15 89 320 437 121 327 496 252 
minDistance: 8.3
cost: 90428
capacity: 72316
time: 5758
maxTime: 60000
LS1: 161392/169534
LS2: 3040/8142
LS3: 0/0
shakeIters: 5091
shakeLoops: 505
