7.4:10 8:139 8.1:216 8.2:919 8.3:2149 
391 452 302 496 277 338 210 74 147 326 60 42 453 444 310 358 163 82 316 280 46 159 27 366 193 149 447 130 89 75 260 489 297 414 131 290 198 241 415 473 121 481 480 94 222 245 478 208 15 472 432 386 234 467 132 79 127 17 284 429 252 25 11 283 382 36 397 53 22 86 168 320 140 77 157 281 410 470 95 409 392 387 2 107 13 305 355 272 428 353 273 182 275 296 154 477 243 167 116 228 402 55 174 101 92 240 171 155 217 12 313 20 
minDistance: 8.3
cost: 90380
capacity: 72248
time: 2149
maxTime: 60000
LS1: 162978/171055
LS2: 2664/8077
LS3: 0/0
shakeIters: 5398
shakeLoops: 537
