7.9:100 8:124 8.1:656 8.2:4258 8.3:5151 
193 95 182 132 252 481 46 171 12 382 25 154 297 324 444 228 20 478 174 116 290 273 241 473 82 127 453 432 326 149 353 13 386 54 415 15 234 198 86 366 74 472 245 2 410 186 428 168 467 313 36 334 284 272 75 101 79 147 302 212 305 99 275 260 42 480 131 27 391 279 280 338 77 157 277 489 477 240 130 414 395 167 217 402 296 107 89 222 496 409 11 155 163 159 243 53 210 397 387 94 447 392 60 355 92 470 406 140 316 310 358 17 
minDistance: 8.3
cost: 91252
capacity: 72203
time: 5151
maxTime: 60000
LS1: 170759/179045
LS2: 2770/8286
LS3: 0/0
shakeIters: 5498
shakeLoops: 546
