7.9:120 8:327 8.1:364 8.2:459 8.3:1715 
217 116 447 379 60 79 15 292 432 448 222 316 467 17 481 240 132 415 353 98 86 382 143 77 245 391 36 174 42 470 429 313 320 94 437 489 283 355 74 252 386 23 452 168 327 55 228 410 159 131 192 105 272 409 326 193 184 46 414 278 390 20 453 234 89 13 163 280 377 421 497 275 198 148 1 173 343 387 277 27 53 25 472 366 496 215 298 54 92 12 473 417 442 260 296 310 82 290 95 75 305 154 147 282 392 284 236 130 171 340 402 182 478 358 
minDistance: 8.3
cost: 91732
capacity: 72299
time: 1715
maxTime: 60000
LS1: 169013/177359
LS2: 3015/8346
LS3: 0/0
shakeIters: 5320
shakeLoops: 529
