8:238 8.1:540 8.2:3719 8.3:16809 
167 310 402 105 456 13 11 472 387 79 222 55 20 313 36 154 444 417 23 27 252 355 297 94 278 163 466 182 423 465 186 121 120 12 481 320 74 280 171 157 414 496 228 42 390 174 442 358 217 489 240 4 15 198 275 448 392 334 212 210 234 279 25 218 132 143 292 155 159 60 379 168 353 116 447 284 16 452 382 410 420 326 193 470 130 147 101 386 89 366 46 243 290 17 327 53 260 86 473 82 391 141 140 316 437 92 75 478 72 77 95 406 
minDistance: 8.3
cost: 91091
capacity: 72243
time: 16809
maxTime: 60000
LS1: 166918/174982
LS2: 2667/8064
LS3: 0/0
shakeIters: 5381
shakeLoops: 535
