7.9:60 8.1:312 8.2:1223 8.3:2074 
296 140 105 154 496 155 402 382 92 489 397 473 448 16 157 481 326 392 141 53 116 305 228 313 79 101 167 355 387 284 260 77 174 240 310 222 442 143 245 252 282 27 130 410 279 20 478 147 406 280 149 278 447 13 94 168 193 186 465 86 11 127 17 470 12 275 234 320 390 437 238 316 453 217 74 159 60 82 243 409 15 89 182 210 42 366 444 171 255 75 55 198 95 132 334 46 25 391 36 163 290 386 417 23 414 452 472 432 353 41 297 
minDistance: 8.3
cost: 89447
capacity: 72256
time: 2074
maxTime: 60000
LS1: 163623/171646
LS2: 2656/8023
LS3: 0/0
shakeIters: 5356
shakeLoops: 533
