7.9:89 8:130 8.1:614 8.2:821 8.3:5553 
409 338 243 101 89 82 210 316 42 444 155 368 13 461 296 157 480 168 74 143 281 442 174 453 452 238 415 167 36 420 116 130 79 27 222 198 275 402 470 217 46 131 310 75 25 127 260 22 77 366 313 472 382 23 185 132 447 273 429 290 489 147 215 320 397 283 171 284 182 140 240 11 92 86 207 30 355 277 7 280 241 12 297 17 473 20 163 496 414 387 121 456 312 193 227 53 159 353 358 149 94 436 234 481 15 54 95 467 252 60 305 448 
minDistance: 8.3
cost: 88338
capacity: 72265
time: 5553
maxTime: 60000
LS1: 153987/161036
LS2: 2295/7049
LS3: 0/0
shakeIters: 4736
shakeLoops: 470
