8:91 8.1:191 8.2:286 8.3:489 
217 290 167 392 432 470 421 473 86 386 25 98 36 323 343 280 272 92 481 132 353 409 402 82 198 182 292 228 240 316 429 447 478 417 467 23 472 305 174 284 15 415 423 53 442 171 358 46 456 13 366 193 390 310 22 382 437 298 278 320 260 159 116 410 148 66 131 275 32 89 313 283 101 95 326 55 496 79 391 74 106 130 234 452 236 355 252 277 296 140 215 42 163 94 489 154 77 208 168 379 60 255 448 121 162 20 143 149 414 127 387 287 105 158 
minDistance: 8.3
cost: 91689
capacity: 72322
time: 489
maxTime: 60000
LS1: 148719/156360
LS2: 3033/7641
LS3: 0/0
shakeIters: 4600
shakeLoops: 457
