36:20 42.3:30 44.1:48 44.9:163 45.6:179 48.3:201 48.6:1997 50.1:2054 51.4:2452 51.9:2467 52.6:2529 53.2:2533 53.3:2538 53.9:3187 55.2:12186 55.5:35570 57.4:36518 
318 158 340 100 189 390 304 246 288 202 445 373 106 45 252 324 92 68 201 87 323 138 338 209 155 127 399 372 118 364 134 221 308 293 53 13 341 387 223 394 182 492 463 259 18 77 354 434 17 307 466 24 230 170 110 415 130 11 397 50 104 128 344 435 361 258 367 389 332 
minDistance: 57.4
cost: 63534
capacity: 51804
time: 36518
maxTime: 60000
LS1: 481980/499518
LS2: 4184/17538
LS3: 0/0
shakeIters: 13335
shakeLoops: 1331
