34.4:21 36:28 38.9:48 43.1:57 44:91 44.7:163 46.3:170 47.9:179 50.4:243 50.9:4041 51.4:5389 53.1:6106 53.2:21485 
307 180 145 338 407 332 284 318 10 434 100 418 397 107 221 324 53 201 267 399 47 13 17 230 146 282 345 421 81 49 341 54 182 92 293 228 128 170 11 158 471 42 148 435 114 390 77 178 402 420 202 315 130 322 415 110 311 101 255 389 372 373 328 68 157 247 498 106 239 155 
minDistance: 53.2
cost: 60225
capacity: 51650
time: 21485
maxTime: 60000
LS1: 501931/519351
LS2: 3274/17420
LS3: 0/0
shakeIters: 14133
shakeLoops: 1410
