37.5:20 38.2:28 44.1:51 44.4:86 45.5:94 45.6:98 46:108 47.5:117 48.5:121 49.6:159 49.7:665 50.6:779 50.8:864 51.3:1428 51.4:8692 53.1:8947 53.2:11968 
189 11 10 76 298 170 49 284 330 397 221 54 149 417 307 319 163 241 473 200 127 276 44 33 143 130 374 155 498 267 184 357 158 157 296 53 322 415 353 318 17 389 174 420 387 431 247 107 108 202 434 72 315 97 461 390 466 148 228 182 36 180 96 110 68 308 348 435 471 
minDistance: 53.2
cost: 60164
capacity: 51663
time: 11968
maxTime: 60000
LS1: 484403/501986
LS2: 2975/17583
LS3: 0/0
shakeIters: 14589
shakeLoops: 1455
