28.5:9 47.3:60 47.5:125 49:188 49.6:259 50:547 50.1:832 50.3:1408 50.4:1546 50.9:2305 52.6:2312 52.8:3191 53.1:3744 53.2:45702 
170 387 473 140 74 230 96 239 110 290 18 190 344 334 394 420 246 158 276 184 296 431 101 463 33 11 417 71 304 435 138 376 498 267 291 319 61 92 97 171 247 119 286 434 106 341 10 353 315 329 100 310 437 284 182 157 59 466 397 261 228 390 107 36 145 447 148 48 322 43 37 
minDistance: 53.2
cost: 61887
capacity: 51698
time: 45702
maxTime: 60000
LS1: 480148/497219
LS2: 3190/17071
LS3: 0/0
shakeIters: 13866
shakeLoops: 1385
