32.8:17 35.4:27 36:40 39.7:52 41:59 43:71 43.3:95 44.4:104 44.5:297 44.9:408 45.5:417 47.5:513 48.4:1380 49:3725 49.6:6819 49.7:10178 53:29605 53.1:29927 53.2:30256 54.2:30893 
51 188 293 68 431 288 282 135 99 127 402 301 41 334 180 247 299 421 423 157 230 228 11 19 47 286 324 110 412 42 276 16 420 207 330 494 499 148 49 121 322 397 184 436 390 233 415 130 385 44 1 405 190 461 155 234 54 458 319 367 178 498 143 497 96 298 348 267 368 487 
minDistance: 54.2
cost: 61914
capacity: 51691
time: 30893
maxTime: 60000
LS1: 479059/496599
LS2: 4540/17540
LS3: 0/0
shakeIters: 12977
shakeLoops: 1294
