39:28 42:39 42.1:62 42.7:79 45.2:89 45.5:121 45.8:238 47:246 47.8:343 48.3:363 48.9:432 49.7:1195 49.8:1583 50.3:1797 50.4:3494 50.5:7581 52.4:8159 52.5:35108 
194 192 421 150 104 239 222 399 24 87 201 466 463 77 170 119 7 202 17 68 384 335 221 280 71 446 418 37 390 92 324 182 189 373 393 139 492 97 471 69 128 153 357 230 11 8 336 378 369 340 330 304 127 323 43 262 61 389 287 35 19 79 412 372 148 223 361 13 420 74 110 
minDistance: 52.5
cost: 65427
capacity: 51651
time: 35108
maxTime: 60000
LS1: 482322/499628
LS2: 3539/17306
LS3: 0/0
shakeIters: 13747
shakeLoops: 1369
