33.6:14 35.4:32 39.9:50 47.3:93 47.5:197 48.4:268 49:279 49.8:335 52:654 52.3:1160 53.1:1178 53.2:6327 
172 54 498 499 199 19 241 217 367 267 158 95 307 390 119 230 420 483 242 47 106 397 288 334 310 318 161 17 96 182 258 298 127 170 293 195 100 42 341 276 92 247 108 114 481 148 68 324 449 304 145 428 415 447 164 99 44 228 97 319 76 280 466 394 387 315 435 110 340 437 
minDistance: 53.2
cost: 63118
capacity: 51799
time: 6327
maxTime: 60000
LS1: 489262/506513
LS2: 3580/17251
LS3: 0/0
shakeIters: 13658
shakeLoops: 1363
