36:23 45.6:56 47.5:103 48.1:107 48.5:178 50.6:222 52.2:507 53.1:609 53.2:12644 53.4:33349 54.5:33910 56.2:34059 57.9:35685 58.8:36020 59.3:37206 
158 318 47 367 143 118 265 170 172 209 418 332 310 415 45 185 69 466 13 110 258 77 259 11 340 389 155 212 435 41 360 81 304 445 324 228 463 17 338 397 247 307 128 437 390 50 100 372 323 329 246 434 18 171 496 223 315 190 341 92 138 119 497 288 127 48 357 250 334 
minDistance: 59.3
cost: 63273
capacity: 51740
time: 37206
maxTime: 60000
LS1: 474843/492635
LS2: 4490/17792
LS3: 0/0
shakeIters: 13284
shakeLoops: 1324
