38.4:24 39.6:33 39.9:43 40.4:71 44.4:84 47.3:110 47.5:150 48.1:157 49.6:161 50.4:208 50.6:1119 50.9:1162 51.4:1488 53:1634 53.1:3464 
155 357 498 276 353 148 261 323 330 230 473 180 435 184 322 37 374 341 496 97 11 138 376 33 210 92 457 145 268 286 157 296 143 310 160 458 334 402 319 107 431 284 397 466 420 10 267 434 307 247 158 329 417 43 110 82 119 239 200 127 136 76 315 252 228 387 36 
minDistance: 53.1
cost: 61226
capacity: 51739
time: 3464
maxTime: 60000
LS1: 512309/529832
LS2: 2136/17523
LS3: 0/0
shakeIters: 15371
shakeLoops: 1534
