1.14395:132 2.00295:685 2.03397:798 2.04376:1009 2.07327:3534 2.07915:4080 2.2343:4469 2.23533:5828 2.25273:8126 2.26402:8588 2.34364:10768 2.35789:39379 
667 584 89 70 181 963 1438 210 854 940 780 322 1351 1475 1256 598 1028 737 1904 214 699 394 1842 58 956 744 535 15 1282 1645 61 206 302 579 1189 93 1107 1610 1461 815 134 1974 510 1764 1334 932 1659 775 1053 889 1312 913 1167 1726 1959 1515 1731 143 73 1795 723 1413 739 997 824 252 1170 552 1585 1153 868 155 596 635 1502 572 1784 1538 219 1783 1081 650 1963 288 978 1392 1033 1032 1670 1118 244 1653 1416 1487 169 1229 1360 1355 1350 1074 873 1432 1464 36 1463 289 950 1917 1667 965 663 632 1558 1138 711 748 1288 1831 556 1996 1242 831 503 1766 1459 1676 212 874 1809 261 137 1409 732 1958 1684 467 1384 1271 1722 337 674 254 625 822 1513 838 1556 1743 46 1146 757 1584 505 1175 525 1345 66 23 976 672 292 326 170 1910 1000 1500 1073 1233 303 781 642 716 1258 1049 1932 964 1799 818 537 506 272 164 1480 512 273 187 1532 1399 1356 995 760 1191 1120 687 1900 1674 749 1320 179 1745 355 641 1602 372 1067 1369 1479 1796 823 379 592 328 1709 1017 211 1121 1751 38 82 348 384 144 198 1087 1014 343 681 553 304 1219 1662 570 1822 145 614 428 241 846 1618 1024 1810 125 1361 458 546 139 312 1995 520 271 238 756 133 916 1814 100 1975 1837 127 1199 31 1652 843 961 1506 1663 1964 1845 1084 813 1448 488 953 801 675 498 662 86 1478 377 1789 705 128 1753 416 1154 251 257 1862 1798 340 764 986 1578 954 1703 1978 608 478 1808 821 1251 742 178 1687 1111 1261 1041 1606 388 158 666 1200 1059 17 192 709 1300 688 789 1623 333 1661 380 951 1449 316 1844 908 655 1103 1848 136 167 1967 901 669 1971 249 260 1885 306 233 1100 704 1304 381 778 1571 1253 562 912 1401 1913 470 1540 1499 724 1198 927 538 1633 1791 559 1680 1343 853 1593 1966 1712 1788 820 551 1921 68 1992 1779 172 1926 673 285 611 787 861 1485 715 220 985 1965 1225 835 1095 519 1562 945 193 1771 1106 710 1373 1231 327 1576 114 84 984 786 590 1465 1777 1605 1244 174 1163 721 105 600 1006 1619 222 946 1160 1888 867 1834 508 76 1090 3 998 400 1935 117 1615 1711 1874 60 459 1846 1031 1210 847 1909 1453 446 1347 1009 1202 464 1007 1127 1196 762 1829 161 1190 208 1644 1781 1586 903 1698 1937 371 1880 165 59 1092 183 743 1596 515 218 1105 767 1125 1142 808 870 1102 933 1283 1269 522 247 168 480 1533 1819 1664 308 1368 720 1181 566 769 412 1192 1386 1563 759 1306 1325 1151 785 1545 1495 79 1250 1240 585 1790 1665 1604 1157 622 1608 860 664 1828 1980 640 647 1400 274 1091 
minDistance: 2.35789
cost: 246773
capacity: 298731
time: 39379
maxTime: 60000
LS1: 7422/8754
LS2: 817/1332
LS3: 0/0
shakeIters: 503
shakeLoops: 47
