2.00295:493 2.03397:857 2.07327:1365 2.11116:1579 2.15752:1902 2.19622:2628 2.20164:3608 2.2343:5775 2.23533:6131 2.25273:8709 2.26402:9035 2.29599:9940 2.31559:10227 2.31599:10647 2.33534:11101 2.34364:14230 
1154 552 1178 247 1103 188 1606 1616 1160 1141 1401 760 1996 1545 1191 294 709 721 1596 470 59 1844 1288 1135 1789 1585 963 1361 614 304 1105 1280 506 1409 748 1468 1980 1839 417 1584 212 163 530 1271 1586 1917 1149 535 821 574 1211 222 1885 785 1888 537 1251 158 976 1515 1081 524 254 1720 412 1910 1190 520 303 220 570 1703 1726 1024 1995 1856 105 1751 1645 28 277 1502 1196 1475 1153 156 1962 609 1028 762 1712 1731 198 572 1464 1873 1139 598 1513 1459 1862 1779 954 1959 343 405 145 1118 1235 1053 36 844 1831 1375 743 1470 624 488 978 1966 1880 1246 592 596 815 1623 1753 664 1540 1978 1793 357 1619 1676 1964 1092 1711 306 251 194 950 464 681 732 1556 1102 600 1552 1930 1123 1788 720 337 1532 737 675 916 1627 1662 1734 1225 316 1300 210 100 1106 1059 1879 101 1200 593 173 789 1199 164 1384 632 463 662 1192 308 1715 248 508 1842 79 117 860 705 66 1000 195 1416 1829 1366 1355 1533 302 333 1920 1847 1764 642 1652 309 241 1479 1465 137 132 559 946 259 865 1074 780 1935 150 1219 233 808 46 1913 1750 1230 1783 38 1107 1049 756 1860 913 1253 643 1833 1576 1351 267 428 1461 1400 1286 1893 1095 1198 1806 1660 637 68 1633 1814 834 1386 1663 1745 1665 986 14 525 1822 1202 1495 1797 64 169 933 513 1992 867 416 970 674 1244 1544 1730 853 1032 1562 1967 327 704 1670 1971 1784 1622 1017 1261 1320 723 1900 1846 1693 1043 434 178 667 1485 1819 165 818 1453 965 1413 1874 154 1578 956 1661 338 757 1887 179 1499 174 187 622 89 238 801 1306 739 1664 1680 322 136 1087 626 1256 143 874 458 1809 1827 647 1347 1121 901 384 1791 945 168 1041 820 953 183 911 764 1360 217 379 115 868 1687 442 1709 1659 870 1808 76 1563 60 1233 1170 717 128 244 206 172 940 1399 1073 86 1618 1009 710 1067 1975 289 1138 515 1350 1006 534 553 1828 672 312 686 388 1965 380 522 866 285 641 211 744 1111 503 1352 1766 673 778 951 1574 1743 1488 1478 666 1229 896 873 856 1189 70 958 590 355 31 538 1904 155 715 1063 292 125 795 127 167 711 73 1151 1033 1667 510 161 635 144 493 1185 1790 1605 134 1084 698 1505 1598 307 961 1209 218 1090 1932 181 1345 984 1604 328 824 625 1449 1653 687 261 1845 1120 1295 689 133 122 1500 1142 1682 932 1801 747 1104 1810 1184 1506 1916 424 846 665 446 376 1250 23 340 1240 669 1438 108 1799 459 847 1463 835 903 192 193 114 394 82 360 781 473 242 1487 749 107 1127 272 1125 650 985 759 587 1698 498 1795 557 1157 1356 1163 1152 1079 1684 1091 964 585 
minDistance: 2.34364
cost: 246780
capacity: 298776
time: 14230
maxTime: 60000
LS1: 6882/8079
LS2: 640/1197
LS3: 0/0
shakeIters: 541
shakeLoops: 50
