1.14395:108 1.63803:312 2.00295:464 2.15752:870 2.20164:2072 2.2343:2163 2.23533:3721 2.23683:6479 2.24688:6620 2.25273:7058 2.26402:8614 2.29089:10105 2.29175:14953 2.29599:18502 2.30012:23241 2.32006:24616 2.33534:26920 2.34364:27035 2.37529:44219 2.37817:49743 
965 846 1789 1386 1743 717 360 210 89 1463 927 1103 1822 417 903 976 1660 951 1356 23 1633 1967 522 1199 1244 1041 1461 723 830 1847 534 748 763 1585 462 312 1873 304 1343 143 379 195 193 174 244 721 480 1154 1380 1576 458 1360 1862 581 1464 1007 222 1024 1347 687 1242 998 103 246 767 963 1604 1249 1945 1584 290 156 316 1965 1532 179 172 954 355 1409 1845 1808 1711 1479 252 1682 117 1487 800 660 344 1397 1006 1416 1399 901 1513 821 144 1783 579 493 31 1563 245 416 211 191 813 1734 1151 86 1091 622 1814 1139 189 158 1508 1350 1515 1556 1665 1107 133 1900 508 775 1541 873 1791 1935 824 254 1618 1159 1795 1135 1709 808 446 681 1297 1971 238 1764 412 1615 76 1698 322 867 1000 192 1670 916 1788 986 1178 759 510 674 985 1574 1008 1712 673 1120 126 340 206 1202 874 1662 1136 614 704 1084 1213 1495 1809 642 844 1081 743 1784 442 1562 689 1357 1904 488 46 27 1173 1190 756 537 1032 572 214 1828 1361 1210 1676 343 1842 961 1233 82 838 1978 338 1550 1092 1253 1745 860 1053 635 1831 1664 145 30 1533 1459 255 390 556 1090 357 1505 535 1913 670 609 1874 1059 220 749 590 1250 643 1531 737 1798 1729 273 705 801 592 302 1097 1598 183 233 626 1095 136 1921 647 1121 79 1152 285 261 1661 527 1586 854 1478 553 100 1049 515 155 1375 1031 1189 1930 212 1256 470 1453 1687 107 294 1160 978 1192 1438 1351 669 547 666 764 769 1225 904 720 1273 847 672 1827 277 342 953 1226 1959 1102 1384 1623 1797 1157 1067 1790 64 530 1506 306 459 1200 1944 178 505 307 1894 834 161 376 1033 1460 1751 1087 1616 405 715 169 380 1888 760 714 1799 1779 744 781 709 1093 1596 1232 1680 596 525 940 585 1142 1366 1766 272 257 327 170 632 1271 368 241 1966 1846 66 950 308 1502 168 1810 506 115 861 1118 328 1819 1653 1722 1485 303 1106 997 932 868 1304 173 1258 866 831 1837 1522 251 1138 1781 551 559 60 1996 1063 247 574 865 1659 552 520 1198 388 1043 780 956 1465 1956 778 664 1500 815 1806 464 1276 1917 164 1125 1073 637 600 384 14 1283 1153 1298 134 1980 1631 1499 68 309 1167 789 1105 1355 608 1753 1163 1760 964 400 641 198 165 1282 1578 1306 1844 1591 59 1667 1316 739 70 1017 1240 1645 1108 1910 675 1196 1448 473 984 625 218 1834 1191 181 1731 795 73 167 699 1656 1288 1726 1619 667 1229 125 620 114 363 1170 219 711 1975 377 187 1413 870 827 1148 1211 137 1009 933 970 1401 945 36 292 1219 1449 835 1261 995 1684 924 
minDistance: 2.37817
cost: 246580
capacity: 298792
time: 49743
maxTime: 60000
LS1: 7187/8450
LS2: 720/1263
LS3: 0/0
shakeIters: 523
shakeLoops: 49
