2.00295:226 2.03397:457 2.11116:1024 2.15752:1940 2.19622:7348 2.20164:7536 2.2343:10097 2.25273:11523 2.26402:11704 2.29089:11979 2.29175:12115 2.29599:12556 2.31599:15977 2.33534:16798 2.33769:20886 2.34364:21116 
1352 970 220 669 316 1440 1538 1235 984 1845 125 642 465 1007 1930 1726 76 82 1102 1810 244 762 1133 1779 1996 1386 997 247 831 183 1751 303 1563 328 647 674 506 302 764 1151 1783 534 1009 1945 596 666 670 1379 1401 838 1250 1766 801 1660 368 1663 856 815 1053 709 1798 485 1684 1375 1831 757 1331 1495 444 1562 635 1943 1163 721 614 1788 505 643 901 572 581 1703 107 933 1105 713 58 1676 1159 1017 218 1487 1709 1273 1921 1506 470 167 976 1032 1502 1698 412 912 380 261 446 1361 206 1107 800 1980 874 625 743 179 592 1480 168 789 1932 1605 1544 1478 66 1975 640 1191 688 70 1347 510 945 1567 195 512 161 1571 1910 1731 655 978 1880 1956 1745 1282 744 687 965 620 767 1665 748 778 1306 954 1618 388 1200 1459 524 198 1103 1084 1225 377 211 964 662 1627 114 458 1162 379 1616 689 1378 1059 170 1591 711 1161 829 1244 609 79 1391 136 961 1964 715 1438 632 1118 598 1791 1199 322 834 1799 194 641 604 1693 496 1503 1959 1928 1828 795 1189 1190 1662 1894 384 1271 894 704 23 1463 1806 903 1312 556 1453 127 1935 1081 1092 1230 1409 925 846 551 585 853 1067 1356 956 241 396 59 1814 292 1499 1730 424 1399 437 1000 1154 38 269 1418 1822 1966 1413 246 1998 867 824 173 1557 1360 133 307 154 187 1449 1615 264 214 1173 1978 212 1900 210 868 1513 134 1659 1339 818 963 1917 590 400 259 664 760 1805 143 333 1842 1619 1594 1041 158 1951 68 192 681 854 732 178 622 1170 1664 593 174 1157 553 60 574 537 1240 667 1006 1584 759 1578 699 1150 1532 1528 126 1645 1893 1971 1784 1479 1781 1834 1753 14 1448 781 861 1475 254 1574 1598 257 927 105 1325 219 1261 1091 1647 1734 464 177 587 1464 1461 478 491 285 520 1174 1196 1995 1095 780 749 165 1433 1790 1198 1743 117 1967 355 813 343 723 775 1043 1090 559 742 1351 1028 481 1024 1120 294 1585 659 46 155 916 1269 739 1258 308 222 1670 1031 1515 1623 985 1371 1470 156 1764 416 860 1680 847 1425 1614 975 459 251 1965 1540 663 611 522 1533 233 306 953 1288 1596 1558 873 1233 998 1844 530 1251 1178 1944 1604 1123 515 1121 488 1667 191 932 1108 1106 1846 1073 73 705 86 1416 552 144 1531 238 1974 986 660 1232 1795 249 1345 1229 89 304 1713 1355 1586 535 1485 442 164 3 911 756 584 1160 1775 737 467 1033 525 493 1465 309 1862 1384 31 340 376 1192 673 1727 1125 1682 272 958 169 1919 1808 906 172 1458 785 137 835 950 100 188 1350 49 1049 1211 260 508 940 579 1653 720 189 1556 1819 865 1545 1888 1809 1087 193 1661 1219 
minDistance: 2.34364
cost: 246787
capacity: 298741
time: 21116
maxTime: 60000
LS1: 6651/7971
LS2: 795/1320
LS3: 0/0
shakeIters: 509
shakeLoops: 47
