1.97716:536 2.03397:919 2.07327:2121 2.07915:2387 2.20164:2589 2.2343:4197 2.23533:5247 2.25273:6410 2.26402:6634 2.29175:15048 2.29599:18519 2.31599:20342 2.33534:25693 2.33769:34274 2.34364:34460 2.35451:57756 
1090 277 530 1017 546 984 1178 1951 1475 1087 1219 233 1399 881 1827 336 1937 933 1320 218 821 165 522 762 377 1966 1229 1438 1049 1468 1932 1798 82 508 1325 769 632 312 986 23 1449 76 600 38 214 585 590 247 1819 328 506 1791 424 1753 470 625 637 388 572 737 1464 1102 1391 1808 1842 853 1797 609 1806 661 834 990 143 867 1751 340 775 1663 1459 1084 756 14 459 1495 1189 155 1967 904 168 445 498 1196 664 254 538 688 1244 1191 1463 1416 1879 1799 222 1917 1793 1578 1722 211 1996 1980 650 1225 1352 303 1731 1814 552 1043 107 940 1440 1240 927 1154 327 742 614 1342 1269 380 642 1351 1698 674 1707 1533 1730 1764 1345 1163 551 1153 978 1790 1192 1198 621 1233 655 847 618 559 861 100 136 1160 1796 125 715 187 1074 1092 1218 1350 1313 620 1028 1964 1130 192 1545 1073 743 59 499 1664 641 442 1006 647 34 1138 827 1962 355 1185 333 1211 105 114 169 1041 1242 164 1135 1508 556 812 778 1585 635 212 1887 1104 1734 1538 174 1499 698 1598 1682 261 667 1645 86 1453 626 623 808 60 1667 1810 322 1965 1121 1384 824 1862 79 1846 535 781 172 73 1788 193 1596 156 1680 257 732 1202 464 868 687 681 721 144 412 566 1720 1005 997 1250 285 384 534 675 505 183 748 1401 119 1091 1288 1910 912 1409 1081 1959 46 1726 360 1024 1213 1232 1263 1623 1386 695 1059 167 480 64 525 1375 759 1107 1693 553 302 1831 1618 830 304 954 856 1032 704 1574 68 1556 1562 1348 210 1779 1900 251 1127 673 720 908 241 611 31 1922 1347 1343 1230 723 1280 478 1665 593 1253 1118 537 1874 255 9 1190 173 1784 1515 874 1676 710 963 1591 1256 749 985 117 308 1703 206 458 1695 767 1103 1627 219 1828 1139 1465 194 1935 1829 1361 89 1425 1448 976 220 316 66 744 1661 488 70 1485 272 1789 198 133 820 953 1447 307 122 1822 1120 158 640 1070 785 903 866 873 945 1745 446 1662 1888 1834 249 1366 780 1480 1151 964 946 1502 405 1199 764 309 1845 1633 1478 462 1258 1053 709 1880 643 1783 306 1604 1971 1584 1000 1709 1105 1684 1659 510 901 1487 998 961 179 1009 357 379 1125 801 1461 1200 1360 1306 115 371 288 1012 1271 689 716 1532 598 1653 1522 1142 520 1261 1479 1513 515 596 1893 178 669 670 259 1355 938 1652 238 1844 1157 1182 835 823 1712 1170 757 1978 1743 1563 1400 1413 838 1670 1606 1975 705 1894 846 170 666 1926 1067 390 622 1251 1433 789 1506 1300 137 400 244 760 1696 916 1500 1033 292 1615 1616 
minDistance: 2.35451
cost: 246788
capacity: 298736
time: 57756
maxTime: 60000
LS1: 7493/8680
LS2: 615/1187
LS3: 0/0
shakeIters: 556
shakeLoops: 52
