1.63803:197 2.00295:463 2.03397:593 2.04376:679 2.15258:1187 2.19622:1414 2.20164:1579 2.23533:8872 2.24688:11753 2.25273:12451 2.26402:13506 2.29089:18510 2.29175:18788 2.29599:19262 2.31599:33781 2.32016:33977 2.33534:36134 2.34364:40644 
1665 778 1545 1142 357 1192 1361 1154 1351 978 1905 1352 218 940 233 787 570 107 1024 36 388 1091 686 1163 1448 843 688 1667 626 1745 1033 1306 343 483 498 1578 600 669 687 1731 478 1660 249 1449 115 1360 1288 759 835 620 1781 689 1743 608 1343 1662 1312 132 1475 723 1839 4 976 1751 1562 749 1809 214 203 1191 912 1481 1550 117 1801 23 1454 1959 546 93 1229 1579 1105 31 1796 1735 906 1584 596 1831 272 1627 384 193 1664 1384 1235 1917 1819 1120 1783 1300 512 1730 800 1784 59 1842 1992 1465 1123 17 747 1200 675 1522 285 340 795 290 1502 1198 1715 846 838 1118 1893 1049 168 60 963 732 847 136 1930 1844 1834 818 446 1605 1065 1210 1007 985 1240 1399 1271 1822 125 1951 825 958 1273 1714 1256 1789 1092 720 1937 866 614 1888 932 220 304 308 1966 416 488 813 681 1814 904 592 1975 1591 1087 716 1453 1014 164 965 1106 801 786 805 211 154 327 292 867 86 1996 246 105 1269 303 1616 1104 896 1623 1102 252 927 139 68 161 1682 945 1386 757 273 1618 192 1885 874 1479 1043 1586 1585 1515 195 176 666 1151 506 1619 1640 183 1500 1230 1556 1615 1178 533 760 114 1508 1232 672 251 785 1478 535 901 1974 1791 1432 1196 1790 705 739 1874 417 1788 1167 650 1401 1347 587 789 1576 1244 1153 1261 1557 590 134 1413 984 1798 1258 145 100 1161 254 1797 1233 144 1532 860 493 178 970 133 709 756 824 302 1909 137 780 368 1152 815 775 593 459 155 1971 1978 206 212 916 1121 579 1298 1653 1124 82 1073 1779 664 156 744 1111 911 647 261 827 458 1059 244 1729 1032 632 663 1499 834 66 1067 41 609 1808 1753 951 1633 1438 505 1125 522 1280 1103 1464 1799 1698 1107 527 1199 172 1190 1645 537 711 219 1879 635 986 1965 1828 625 198 376 1506 715 1604 1703 380 1170 400 1373 1712 1680 355 442 1356 1485 1279 1495 89 1461 585 764 659 19 70 1503 1242 309 464 1652 954 1900 1250 1418 1345 1487 964 1070 306 674 1771 1238 1189 1309 76 174 428 143 673 1041 210 1366 933 704 1964 1320 572 1846 903 1084 1862 1081 307 1663 861 1219 520 553 1006 58 1676 38 1513 158 247 73 46 667 767 1225 412 737 762 238 163 470 1113 1463 3 641 1175 1563 1459 257 1606 508 573 1709 1130 328 938 191 1980 1231 611 1544 783 312 187 1573 1810 360 1795 1932 316 998 748 1661 1160 1574 821 1910 743 1829 127 1538 1053 1211 1181 1009 322 868 1593 165 1031 371 379 655 1017 623 1659 179 510 259 1726 714 1350 1253 1409 961 853 870 1935 873 953 405 
minDistance: 2.34364
cost: 246728
capacity: 298825
time: 40644
maxTime: 60000
LS1: 7422/8598
LS2: 612/1176
LS3: 0/0
shakeIters: 546
shakeLoops: 52
