1.14395:103 2.03397:637 2.15258:2065 2.15752:2553 2.20164:3502 2.2343:4976 2.23533:5624 2.25273:5839 2.26402:6337 2.29175:6871 2.29599:7111 2.31599:8680 2.31878:11909 2.33534:11998 2.34364:15438 2.35789:29594 2.36312:47344 2.37817:55440 
144 161 1397 219 909 1258 1926 1475 478 966 1779 1532 357 136 705 1652 211 1360 847 778 1921 206 1659 1092 302 210 1784 93 360 1584 846 933 168 316 174 183 1200 38 1797 1730 715 125 1660 272 664 1121 1664 1081 1196 945 1312 1170 337 1361 304 1384 984 1120 328 572 827 1211 844 218 927 1836 1024 780 535 34 23 1479 1586 442 950 853 1662 704 1822 1833 834 303 781 1540 525 108 1191 556 1846 1389 343 1709 1676 1242 1399 1868 757 1722 252 27 812 1913 1067 179 964 675 609 642 58 376 1766 695 412 667 760 1910 308 1904 1645 1452 1764 115 1556 251 808 1087 860 1515 181 1499 723 1032 1616 635 14 1366 1107 1041 508 1448 1043 1974 954 598 309 458 214 1240 1163 203 290 1799 1712 997 596 815 388 1894 1269 405 985 530 261 254 1229 255 1152 1102 1753 1939 167 66 46 1148 1127 1736 1965 327 1771 187 1256 1103 739 1073 175 285 1578 1715 874 1288 953 1465 866 1464 574 172 1017 1978 961 865 1106 786 669 903 1591 247 1097 1343 1409 312 464 84 1604 1795 614 1280 1734 1562 1250 709 534 64 868 946 1219 1190 737 488 342 1815 655 192 355 666 1640 1031 1879 764 1154 732 1009 1819 379 688 1845 867 1670 1743 762 551 178 547 1470 901 264 553 1167 592 1814 31 1665 579 1037 17 593 1271 340 896 1350 1400 1413 938 1967 1074 233 724 559 1095 1347 1495 417 1859 1788 1283 498 912 681 1808 170 306 1225 1178 1181 870 89 1661 1885 1244 1810 1615 1053 1028 787 1696 590 1917 1153 1533 1745 117 1298 1996 1230 446 1563 767 1105 913 60 1789 1059 495 1142 641 169 1809 1711 537 322 1118 339 164 1781 1590 1937 673 1614 1125 785 159 637 981 193 294 1210 506 278 68 1351 1862 86 1828 1189 1506 277 838 522 1453 647 859 1261 1522 156 241 1459 1084 744 872 1184 1686 510 1416 36 606 1432 1698 1006 515 538 1352 1135 1935 158 520 338 1113 292 1576 195 1199 220 1798 1653 820 963 916 775 107 73 127 759 1306 801 873 133 1438 1831 1606 380 1131 1449 1574 632 622 1843 1842 198 82 165 932 1751 100 137 1513 1596 940 978 114 1218 714 1975 1932 134 1463 1233 1703 1485 70 1680 384 1623 1793 1160 1684 1682 824 552 1192 674 1834 1033 1959 566 1791 1478 470 480 400 789 493 1401 1502 1726 76 1253 155 1138 1667 720 1355 861 1386 505 1159 145 1971 257 1727 19 459 976 1790 234 1545 1888 1202 79 1783 743 1090 749 998 1091 748 687 105 244 721 689 416 756 1633 1619 1461 1729 986 625 1000 1151 585 212 854 835 1531 1300 1573 1638 437 1554 
minDistance: 2.37817
cost: 246790
capacity: 298733
time: 55440
maxTime: 60000
LS1: 7263/8502
LS2: 689/1239
LS3: 0/0
shakeIters: 532
shakeLoops: 49
