1.63803:159 1.8251:327 2.00295:629 2.04376:1407 2.07327:1556 2.20164:3191 2.2343:3280 2.23533:4708 2.26402:8753 2.29599:9413 2.31599:17217 2.33534:25010 2.34364:25372 
757 780 1963 1250 1913 1202 1596 821 1980 737 254 1258 1905 247 214 1170 1951 1779 824 655 1479 6 716 1232 1959 1153 808 1623 294 632 143 1751 79 747 1515 68 309 1781 572 470 328 1464 1356 1784 1138 211 156 827 1028 1915 1945 1604 206 168 1964 687 57 1151 986 257 1932 459 1133 744 464 988 801 1009 1904 1271 115 1606 357 117 170 379 1558 506 488 1683 1463 1108 1847 289 1531 1433 1722 710 1158 1213 927 916 1566 1730 412 1550 721 1261 1125 191 1375 520 1163 195 704 316 835 36 1468 1157 847 1660 31 1586 1449 1661 614 1831 1199 933 1807 14 938 1244 244 535 1225 717 238 480 834 1594 174 1659 1966 1652 165 1562 1809 522 70 377 1190 1135 1084 870 1167 193 1910 585 643 1053 1152 856 1713 965 1280 1121 1438 739 327 1211 1416 1355 1522 954 1731 308 267 208 1409 789 1503 932 1478 333 1139 1136 596 1788 552 608 1220 705 1103 1712 1105 1506 340 1453 515 1667 173 530 322 590 901 127 210 868 1791 1944 982 252 1665 1630 1544 1563 304 1844 219 1282 400 1043 566 1798 584 1799 1814 1360 125 1033 853 1618 1822 1245 778 1219 1828 1900 1502 1684 1380 1235 1273 1347 1130 261 664 1926 1726 478 1532 785 1664 1090 640 1806 46 437 713 363 34 192 1703 462 1256 1091 446 1680 1833 1106 1366 73 1602 1810 241 1935 1413 953 547 913 1662 786 1070 292 82 312 1790 1192 1930 1975 1797 1743 873 251 1998 1846 183 781 1384 1184 100 749 1459 1191 963 1967 867 1764 481 673 355 179 1120 1073 748 681 158 1643 306 732 23 1006 1584 393 1465 491 861 945 869 976 144 650 1067 1386 1879 570 1361 86 1842 1240 1859 1081 1229 212 128 909 1745 1024 1495 961 1499 647 1619 1615 198 1485 302 1663 1921 537 114 222 720 285 64 985 1656 1065 1401 1627 343 635 600 1808 1633 1965 711 1698 625 756 1793 1717 1753 493 169 1614 943 424 277 1917 903 1251 1795 187 1461 525 641 1709 1487 1400 1017 805 272 667 951 670 1200 1049 742 1645 164 1210 360 1350 1783 1676 675 1545 1894 844 1127 559 1399 89 1233 1554 1102 593 1000 172 161 133 1118 155 76 1971 1032 626 950 326 669 637 940 1288 1173 874 1801 846 838 60 1585 843 1540 178 1161 1598 1513 970 815 1888 384 759 218 1819 762 715 418 234 964 534 303 764 1343 337 1107 66 508 723 1448 1059 259 767 105 1533 1789 860 865 674 136 587 233 1579 1189 1978 1154 405 1556 380 1092 1938 1616 38 1306 1351 137 1862 1880 958 512 1298 1242 510 984 743 760 1160 1653 307 220 416 167 1996 1893 388 1571 338 709 1087 666 
minDistance: 2.34364
cost: 246769
capacity: 298955
time: 25372
maxTime: 60000
LS1: 6826/8116
LS2: 726/1290
LS3: 0/0
shakeIters: 551
shakeLoops: 52
