2.03397:435 2.07327:2129 2.07498:2460 2.09501:2668 2.11116:2760 2.2343:3338 2.23533:6683 2.26402:11200 2.33534:11509 2.34364:13072 2.35789:36076 
742 640 1913 1660 1556 1663 222 1103 1213 537 1360 1667 1269 1502 781 662 577 1696 659 192 759 1799 985 60 1458 233 559 1833 260 1676 206 976 1395 620 1793 1163 1199 1662 950 465 1926 1623 835 1209 355 1400 1463 1880 340 609 604 1703 764 161 1885 1095 846 570 867 1229 1964 459 1049 155 1465 1801 1438 506 1984 705 622 1659 1384 31 493 219 1244 760 462 1670 1873 579 292 1084 1596 1766 183 1779 847 86 1726 1250 1233 1091 384 277 933 1789 257 1839 1196 986 1041 1211 127 748 1432 179 1698 1831 1198 303 1900 785 264 1937 488 1106 1574 388 400 1190 961 1459 1433 1727 68 1118 715 220 14 1271 290 1032 626 1256 1485 963 1306 1059 379 749 134 1540 1375 1945 396 107 319 446 643 924 175 834 1576 1956 721 1100 380 1157 1028 1225 137 1081 585 951 289 1033 1295 673 1480 169 1352 1781 1790 1142 1661 1017 1591 1980 405 711 1160 1449 394 743 901 173 780 1605 1006 1722 978 1653 1067 1090 661 1951 1261 100 1606 844 1729 1009 343 1891 1503 660 625 1185 1974 592 598 1283 1917 522 853 732 1355 1253 1191 458 1978 1854 837 954 1506 144 1200 1475 515 1401 666 1014 1645 451 360 168 1563 984 709 1562 1604 82 1965 93 1500 214 73 27 294 1120 1811 1153 737 309 1202 1715 981 1829 1347 510 1487 590 1478 956 1107 647 508 195 304 860 789 191 675 312 1753 1959 285 59 470 953 1764 70 1593 1350 1461 552 377 218 46 1074 1286 1935 614 1481 1712 1819 927 1788 1102 1273 739 1192 1092 873 1734 1927 1846 1073 34 1743 302 327 584 1806 328 1105 66 1351 114 687 117 1505 1151 520 1079 437 1545 762 1280 247 333 642 1238 1859 674 272 664 861 1240 1686 756 1848 838 744 198 64 632 1731 572 1808 1664 710 1167 136 316 412 1665 1000 154 1386 1210 1368 1585 76 1407 1932 1730 1453 478 1783 187 143 916 667 1175 547 669 1345 1448 1751 249 1125 1784 1888 1464 1828 251 943 464 655 574 1121 1809 1189 1312 89 306 1554 995 1963 1996 1170 23 903 723 193 1958 1680 1967 769 106 808 1615 1135 635 212 1845 868 1847 1284 1515 1361 945 1962 178 1161 167 1842 1810 1618 1938 1652 1219 695 663 1797 964 174 596 889 815 1288 1258 1082 1745 720 813 831 1532 165 870 1435 1584 1709 757 965 41 1693 1242 125 254 170 164 562 1024 322 1043 1479 416 786 101 778 1971 1399 1619 261 1409 1910 801 172 874 1571 538 566 1975 1874 1087 865 681 1154 767 210 1939 156 336 1894 1578 1834 1966 1149 1814 238 1416 1139 704 242 1495 1862 1413 716 211 1389 689 641 1795 1053 1860 827 512 244 308 1791 1184 691 1522 730 158 535 505 1018 498 1263 232 1104 1031 133 
minDistance: 2.35789
cost: 246738
capacity: 298752
time: 36076
maxTime: 60000
LS1: 7210/8506
LS2: 760/1296
LS3: 0/0
shakeIters: 525
shakeLoops: 51
