1.14395:153 1.63803:275 1.70956:659 2.00295:953 2.03397:1158 2.11116:1995 2.15258:2320 2.15752:2506 2.19622:3341 2.20164:3821 2.25273:4579 2.26402:4701 2.29089:7050 2.29175:7300 2.29599:7431 2.31599:9252 2.33769:18714 2.34364:20132 
1121 1779 713 1495 1809 234 861 168 1959 1722 1235 302 1198 846 525 1229 1118 1167 1599 649 1665 210 535 1563 1937 1584 417 355 333 498 303 1783 1784 1273 759 1210 813 1258 1067 1024 1173 405 1170 1211 1971 493 115 192 515 963 1053 1556 46 585 66 1798 659 309 641 144 818 1464 1152 1298 132 667 580 912 739 764 604 868 1043 249 1200 1103 1808 1562 1351 767 1902 1578 749 1399 38 872 1189 1242 1087 175 1269 3 1191 965 1160 1751 167 238 520 592 933 9 1233 1461 1932 1238 1709 68 163 1935 1345 1797 1316 136 1910 30 618 327 1125 666 660 835 827 1084 1261 1106 1492 480 307 762 1133 954 970 1448 669 1917 1652 820 1312 172 1352 1632 506 161 1574 843 23 1623 1745 508 1585 1271 834 1828 1479 334 70 1928 308 288 632 312 1190 1558 1384 534 1295 1487 587 488 953 655 31 304 220 384 854 1670 1913 1449 1996 1413 1288 195 12 1734 1475 1731 1591 824 158 581 572 191 1161 956 847 73 261 1730 1347 635 780 821 1130 874 808 107 815 950 553 622 254 903 781 1225 187 1806 252 716 36 1102 360 82 1664 1703 1967 789 1938 625 760 1032 41 424 1240 1192 1893 1842 93 1814 1250 458 1687 388 756 290 1978 114 889 247 1463 340 673 1017 1822 212 1885 1009 1888 1401 873 394 853 1874 1154 744 927 1280 1676 1386 530 559 721 165 1545 1540 964 932 1499 844 1196 377 1485 178 1663 1432 1031 1845 1355 1596 464 1095 801 1515 125 241 1900 704 1105 358 1465 590 984 1059 233 1894 1576 1360 343 1726 687 1962 1163 306 1454 1373 1788 537 830 1028 169 769 1244 1659 86 1966 940 156 1074 1138 748 470 867 1213 446 1645 1157 1698 1729 1253 786 1368 117 1879 1615 1965 552 1531 757 380 598 1715 285 211 60 709 1661 1765 1818 322 145 1522 1604 1136 505 292 257 609 1049 1231 714 593 1284 1033 17 675 293 783 795 1426 1795 978 244 1361 400 1862 133 137 1453 997 181 865 1753 596 985 958 1320 986 1544 155 904 416 214 1506 198 1834 1481 49 870 574 251 1418 975 1006 640 1791 1781 1023 1409 100 1142 1793 1343 1000 1400 217 720 1653 1396 105 710 647 1073 1810 1178 620 1799 510 1107 1041 206 218 1627 1199 89 1829 1505 459 614 1139 222 1980 711 1459 1880 573 916 976 179 1356 778 1502 681 637 688 259 1092 328 272 1662 1153 643 1831 849 1219 76 1513 1964 1667 164 170 743 584 1975 945 579 642 1680 1789 723 1309 1686 1438 556 1819 1193 842 1306 715 1478 1743 1839 1151 193 127 1790 737 316 1586 901 664 260 183 674 1091 1120 1300 705 134 379 961 751 1081 1185 174 1350 
minDistance: 2.34364
cost: 246778
capacity: 298752
time: 20132
maxTime: 60000
LS1: 7301/8520
LS2: 678/1219
LS3: 0/0
shakeIters: 523
shakeLoops: 48
