1.66154:264 2.00295:538 2.03397:783 2.07327:1443 2.09501:1745 2.11116:2060 2.15752:2965 2.19622:3097 2.1974:4130 2.20164:4343 2.2343:5884 2.23533:6144 2.25273:7438 2.26402:7700 2.29089:7914 2.29599:8073 2.33534:9492 2.34364:9756 
522 903 1087 1712 161 66 1297 1463 261 244 859 388 1753 76 1306 547 913 1163 312 672 337 1585 1253 739 1468 1680 1182 1842 86 134 211 1211 534 1041 1605 820 1959 377 303 1667 1810 328 248 1202 168 870 1604 498 1939 183 1633 769 1499 260 1808 1251 1586 1502 1935 596 985 167 405 272 954 1795 953 1779 1073 144 1818 1562 1192 1751 1049 343 1173 1465 667 1500 1563 195 647 1513 416 1235 827 212 687 1819 720 1653 357 193 1660 1574 458 1996 642 480 188 1797 943 1081 1288 1091 1355 1343 1095 1967 115 1280 70 958 1809 946 1623 51 945 1828 105 1339 1127 238 360 801 73 257 14 1544 247 673 1644 307 1107 1157 309 873 1196 306 609 1244 705 1190 1789 1619 1459 1715 1181 698 510 145 1090 1337 1793 414 1174 1971 1951 525 1781 1178 379 865 59 775 1097 552 853 1093 520 614 764 1481 810 155 1384 964 938 380 1788 681 340 1582 1894 909 210 174 624 476 493 709 1670 401 1664 737 219 1200 233 1373 117 3 1250 704 506 635 688 1350 1032 911 100 585 940 535 214 1416 1665 1880 538 125 1142 1596 1618 1152 488 1154 1361 1210 400 759 1709 9 241 1151 254 1729 622 1966 1219 220 1399 1693 1487 31 1325 1827 1464 1486 587 373 1170 889 137 164 834 1017 1978 1103 592 218 1937 355 1584 1479 179 1024 986 785 742 721 1556 1900 1731 1614 767 1734 854 824 710 723 1910 1974 1662 23 327 1686 1233 1964 1347 868 748 1175 143 1698 384 1033 136 1506 338 1360 1261 1135 1682 1225 997 259 97 924 1904 1627 625 965 1084 1799 1401 1598 1645 998 1300 1413 956 847 1453 780 1844 198 114 19 1478 107 1652 1352 838 192 970 1470 68 669 1120 1927 867 464 1545 715 632 559 757 1846 1522 584 556 537 830 978 156 1893 1102 860 1106 1271 1111 1696 1092 1760 904 961 789 127 1557 593 82 446 835 1831 675 1720 1814 1615 1425 1879 316 1449 749 1917 666 927 1230 308 1726 1338 1256 412 1269 1232 17 1079 165 46 912 716 744 756 1822 901 1784 963 1438 874 158 815 626 1616 933 302 1485 1913 1783 1790 1009 322 1764 689 1703 637 292 459 496 1125 1766 916 206 1888 760 304 1791 1059 787 732 1806 906 1000 333 1495 1606 172 1409 1540 470 1975 1028 856 1053 251 1743 79 1447 187 1602 598 1105 743 1730 208 1845 1885 1448 1745 1661 1461 1921 1191 178 1240 1136 60 1834 1160 515 976 1532 1199 1386 1320 574 1229 600 711 590 664 747 278 762 950 294 1067 822 821 984 478 508 844 1829 795 641 530 1862 1659 1591 1121 246 36 778 1965 89 1118 846 818 133 169 1006 551 674 572 
minDistance: 2.34364
cost: 246696
capacity: 298753
time: 9756
maxTime: 60000
LS1: 6977/8186
LS2: 654/1209
LS3: 0/0
shakeIters: 537
shakeLoops: 49
