8.3:7 8.7:25 8.9:67 9:281 9.1:627 9.2:1104 9.3:2904 
437 497 19 169 88 378 420 496 114 302 44 244 147 112 470 398 347 384 204 93 429 217 210 411 432 27 1 366 201 127 351 386 410 453 205 294 177 370 361 159 262 424 86 332 249 54 215 335 268 102 317 298 184 17 414 174 172 213 408 291 160 344 339 122 426 98 399 454 404 375 121 330 106 348 236 185 255 180 
minDistance: 9.3
cost: 61821
capacity: 50808
time: 2904
maxTime: 60000
LS1: 229171/239901
LS2: 4349/10730
LS3: 0/0
shakeIters: 6366
shakeLoops: 635
