19.1:30 20.1:59 22.8:100 23.8:113 23.9:451 24.1:838 24.2:2199 24.4:2265 25:4933 25.9:5316 26.8:6232 
354 278 56 100 77 450 281 427 128 76 45 325 319 34 317 464 193 407 6 324 353 58 444 418 198 180 493 445 154 432 265 152 214 7 13 387 123 462 119 153 64 2 275 72 492 352 457 268 311 485 129 412 79 50 42 172 375 220 495 217 211 269 229 391 221 206 298 70 331 44 322 468 385 117 410 54 92 231 339 284 423 344 75 420 11 433 467 297 358 126 159 472 133 313 112 340 3 270 222 474 215 328 498 327 476 386 83 336 118 
minDistance: 26.8
cost: 90753
capacity: 78386
time: 6232
maxTime: 60000
LS1: 313147/326952
LS2: 3441/13805
LS3: 0/0
shakeIters: 10351
shakeLoops: 1032
