17.6:24 20.9:55 21.1:157 21.7:178 23.2:279 23.8:298 24.1:400 24.4:432 24.8:474 24.9:699 25.1:7909 25.4:12642 25.9:29101 26.1:30979 
198 338 58 386 495 118 313 102 65 367 87 309 466 83 272 396 218 215 86 10 385 476 354 303 440 270 42 457 53 153 432 322 125 358 427 325 151 172 449 136 477 120 498 117 456 170 45 145 493 422 197 306 278 444 334 436 236 328 474 24 284 340 274 352 149 221 2 188 214 231 155 226 405 90 159 276 17 252 54 129 72 206 52 148 105 133 56 50 387 324 471 423 266 229 327 182 460 374 410 269 353 222 402 165 4 216 462 275 128 349 407 203 281 265 
minDistance: 26.1
cost: 90808
capacity: 78367
time: 30979
maxTime: 60000
LS1: 297138/309382
LS2: 2609/12244
LS3: 0/0
shakeIters: 9619
shakeLoops: 959
