18.2:28 20.5:49 22.6:70 23.1:80 23.2:88 24.6:177 24.9:322 25.2:445 25.4:3709 25.8:3780 25.9:3851 26:4827 26.1:5431 26.2:5734 26.4:6134 26.8:7603 27.3:7627 27.6:8707 27.7:9212 27.9:12343 28:44918 
281 477 396 328 432 169 412 377 222 297 10 421 336 129 429 439 436 280 311 83 386 340 182 234 251 266 110 440 385 91 7 145 357 218 405 151 180 149 26 132 155 493 349 18 474 118 461 374 71 275 56 358 270 354 236 329 214 136 142 295 231 456 165 267 276 226 476 65 307 45 491 460 318 364 120 156 50 188 313 161 159 265 215 64 393 278 154 447 284 322 353 407 457 423 252 466 4 2 185 427 140 42 416 72 69 225 268 310 498 387 148 444 221 53 348 463 
minDistance: 28
cost: 90996
capacity: 78412
time: 44918
maxTime: 60000
LS1: 309760/322733
LS2: 4579/12973
LS3: 0/0
shakeIters: 8371
shakeLoops: 833
