15.3:10 18.2:39 19.3:68 20.9:94 21.4:165 21.7:336 21.9:692 22.1:923 22.9:1060 23:1563 23.5:3120 23.6:3442 23.7:6325 24.3:7722 24.5:7727 24.7:8519 25.1:9133 25.6:9589 25.8:9705 
275 385 18 84 498 268 56 128 214 474 493 471 389 352 270 444 218 313 340 476 262 432 460 104 199 210 155 136 148 215 405 374 383 462 281 410 415 242 197 457 145 58 54 52 358 180 154 412 357 53 364 258 92 129 269 6 284 353 2 386 65 50 325 265 184 17 172 209 322 477 387 396 10 153 252 423 285 417 118 456 42 120 469 310 4 231 329 86 427 61 146 449 193 226 165 441 64 277 421 188 198 182 463 222 72 267 3 221 439 466 110 436 
minDistance: 25.8
cost: 91318
capacity: 78404
time: 9705
maxTime: 60000
LS1: 300961/313891
LS2: 2718/12930
LS3: 0/0
shakeIters: 10189
shakeLoops: 1015
