14.7:13 17.7:66 18.2:105 18.5:157 19.9:181 21.9:212 22.8:253 22.9:1090 23.5:1102 23.6:2140 23.7:2977 24.7:7323 24.8:7367 25.1:11532 
340 90 416 65 80 352 2 86 427 188 407 328 198 118 275 269 322 113 278 276 389 310 231 83 293 184 418 45 141 463 498 349 360 367 105 264 476 122 144 386 241 44 170 220 320 222 129 133 460 191 391 493 56 165 412 136 34 423 449 151 182 64 148 329 450 215 402 471 197 422 68 71 218 13 467 436 104 58 146 110 100 492 325 396 11 149 410 359 226 313 242 337 284 319 265 481 67 72 153 221 185 462 283 387 421 54 266 92 42 294 457 117 353 357 50 
minDistance: 25.1
cost: 86477
capacity: 78379
time: 11532
maxTime: 60000
LS1: 272691/286110
LS2: 5825/13419
LS3: 0/0
shakeIters: 7577
shakeLoops: 754
