18.5:28 19.1:143 19.2:162 19.9:170 21.6:205 21.9:303 22.5:750 23.7:773 23.8:1943 24.1:2452 24.3:2637 24.4:5858 24.7:5864 25:6479 25.4:6493 
215 129 493 297 56 148 140 151 432 281 180 112 193 460 232 412 242 211 274 439 358 473 17 498 331 278 340 220 407 328 44 294 206 383 466 334 134 92 268 384 314 352 322 464 175 324 99 198 68 199 120 357 53 472 468 246 313 167 486 7 11 337 391 58 398 476 83 118 159 311 13 414 420 269 153 20 386 42 64 182 252 444 362 415 284 231 418 24 339 364 457 184 304 265 52 396 172 123 336 154 410 1 423 270 168 325 6 72 54 2 221 
minDistance: 25.4
cost: 91595
capacity: 78490
time: 6493
maxTime: 60000
LS1: 286353/300224
LS2: 3834/13871
LS3: 0/0
shakeIters: 10022
shakeLoops: 1000
