17.7:33 19.3:60 20.2:75 20.6:110 20.8:152 21.4:184 22.4:232 22.8:252 23.2:331 23.6:363 23.7:875 23.8:1187 24.2:3136 25.2:3224 25.4:3308 25.9:3531 26.4:6684 26.6:8938 26.7:11264 27.4:17481 
348 18 198 268 476 353 231 65 215 325 52 407 56 72 422 355 457 356 229 444 396 311 50 412 159 441 491 172 161 419 387 145 297 149 427 461 4 129 10 252 26 477 91 460 221 222 292 64 53 403 206 3 447 468 140 440 265 374 281 298 218 445 165 182 352 324 393 70 234 42 493 118 142 474 117 45 405 77 180 379 148 471 334 274 420 318 225 83 432 377 284 436 358 322 236 270 386 214 313 278 2 155 385 456 276 310 498 154 340 128 383 469 295 423 466 
minDistance: 27.4
cost: 91816
capacity: 78397
time: 17481
maxTime: 60000
LS1: 283439/297637
LS2: 6205/14198
LS3: 0/0
shakeIters: 7968
shakeLoops: 792
