14.5:16 19.5:49 20.4:89 20.9:138 22.1:167 22.2:339 22.8:404 23.1:579 23.7:587 23.8:730 25.4:797 25.9:918 26.1:14884 26.2:43964 26.6:44043 26.8:44124 27.2:57352 27.3:57358 
468 477 352 128 236 165 52 432 155 386 310 354 493 91 219 265 473 410 447 374 457 159 436 170 358 278 456 407 58 276 119 218 427 188 214 348 215 4 252 3 444 498 460 311 206 232 154 231 284 422 270 266 247 267 172 313 198 222 53 76 35 419 221 495 405 476 72 129 42 340 309 185 423 180 412 375 385 182 83 18 69 10 357 117 466 149 2 328 70 297 216 56 153 445 326 145 86 274 474 275 118 336 98 45 387 325 344 269 110 281 322 17 54 421 
minDistance: 27.3
cost: 89485
capacity: 78382
time: 57358
maxTime: 60000
LS1: 290490/303080
LS2: 3398/12590
LS3: 0/0
shakeIters: 9171
shakeLoops: 912
