19.4:44 19.6:59 20.8:78 21.8:92 22.1:120 22.2:141 22.8:177 23:191 23.7:395 23.8:8085 24.1:8935 24.4:9617 24.6:10550 25:10801 25.4:11357 25.7:12859 25.9:17441 
188 309 474 133 206 375 231 322 328 86 165 423 205 182 268 4 100 464 264 412 472 353 427 429 405 222 75 168 215 128 57 221 358 3 407 45 476 349 498 84 50 145 83 241 118 159 77 318 185 132 161 76 310 180 199 153 457 319 297 172 156 400 354 54 198 276 342 403 79 119 110 344 7 468 152 462 360 154 389 275 34 67 473 493 70 445 129 216 387 214 439 220 381 485 72 284 340 386 265 492 377 234 452 11 461 444 325 2 491 56 475 450 409 
minDistance: 25.9
cost: 91411
capacity: 78448
time: 17441
maxTime: 60000
LS1: 318978/332031
LS2: 2916/13053
LS3: 0/0
shakeIters: 10118
shakeLoops: 1008
