17.9:35 19.8:74 20:86 20.2:118 20.4:247 20.5:265 22.1:303 22.5:316 23:585 23.1:682 24.4:764 24.6:859 25.2:1436 25.6:5434 25.9:5860 26.1:5873 26.8:6004 27.2:21315 27.3:22827 27.6:24308 27.7:31924 
241 460 161 313 485 71 79 355 154 54 65 349 412 493 169 498 284 340 295 311 64 278 270 215 354 348 236 42 325 120 307 10 476 142 140 429 218 358 149 182 461 97 268 474 234 68 69 2 4 416 352 72 145 444 50 148 456 439 396 214 213 423 353 427 386 56 129 118 318 310 251 53 265 165 457 3 83 231 440 364 180 388 464 407 328 281 91 275 222 463 336 110 226 322 377 77 329 155 477 221 159 385 491 334 432 297 7 188 387 466 136 405 45 276 
minDistance: 27.7
cost: 89496
capacity: 78376
time: 31924
maxTime: 60000
LS1: 297028/310246
LS2: 4384/13218
LS3: 0/0
shakeIters: 8811
shakeLoops: 876
