3.00258:1128 3.10434:2070 3.19055:2852 3.22906:3271 3.31747:3984 3.33865:5125 3.35671:5544 3.36188:5824 3.41418:6880 3.41548:7280 3.43641:8873 3.43723:10631 3.44284:10836 3.44893:12003 3.45074:12525 3.46157:14374 3.50051:14887 3.50865:15292 3.51871:19226 3.51915:20534 3.52454:29098 3.52727:29651 3.53025:30016 3.53078:30177 3.53146:30553 3.53169:33564 3.53488:35163 3.53543:37570 3.54369:39468 3.54728:39622 3.55043:39839 3.56207:43122 3.5671:43340 3.57652:47496 3.59163:47798 3.59186:49037 3.59441:49118 3.59597:50828 3.6026:50940 3.60591:51059 
1324 734 1408 334 165 60 817 680 1106 1540 628 511 1201 896 169 907 1377 66 844 1857 180 359 631 737 1434 1356 170 150 875 297 560 1454 842 339 1151 1893 1556 531 1258 441 639 1781 81 1347 1814 529 1461 1976 1552 1168 1825 303 1089 670 28 245 569 1229 838 431 506 284 1274 280 204 1802 322 521 1495 1059 346 1579 1581 615 797 1505 78 1705 155 117 1425 652 429 1502 1367 542 1372 1042 1543 836 617 1263 208 326 572 1855 1304 1988 1795 929 498 1073 178 795 1343 705 749 1091 435 1092 293 1627 421 1122 1250 881 755 515 626 1349 100 794 1583 831 977 1385 898 1486 834 1006 316 1729 1002 614 726 1126 1194 447 1074 658 984 940 1360 1157 1846 976 291 1875 751 1010 1561 1121 873 982 1980 1541 1912 843 596 183 184 227 793 1328 251 1481 499 1834 522 1437 1730 613 633 263 397 837 507 311 777 956 1028 1745 17 1251 179 1874 1162 1780 1183 1965 1691 1147 895 171 193 762 1376 1680 1949 108 1504 1634 236 708 1633 74 164 1894 1562 756 345 1836 807 159 1516 1582 573 459 25 1862 295 262 211 1776 1063 524 308 1428 563 849 917 277 549 949 82 1918 123 1080 1120 1351 1664 503 354 1417 1472 1382 452 668 414 778 530 1613 1330 247 1244 1727 109 1844 174 1019 1490 185 315 887 583 1277 872 1176 1979 1256 1696 1208 192 1334 1000 1050 1536 1645 4 709 1448 1678 1181 264 1822 1910 1994 1966 990 1267 1564 808 212 1783 732 1748 248 1570 630 1109 1299 645 1027 15 219 1211 535 519 1455 1031 527 897 509 1681 1971 1032 574 546 300 1072 715 1226 944 285 1849 1943 1189 1823 1928 1012 1791 1580 1374 1030 196 514 1870 353 1210 453 1315 1476 1924 695 554 856 209 1839 1688 55 1701 1296 744 194 1381 491 1048 1873 378 1501 355 1309 1692 1817 358 115 1665 536 1626 1594 1271 143 878 1728 1307 1649 1654 1246 1565 1542 427 426 432 635 541 1506 771 825 198 1427 80 479 1380 1040 1333 24 1801 1756 433 828 1630 214 1974 693 1116 720 1954 250 1658 1632 824 1368 1199 320 1887 1227 1407 647 1113 973 347 1796 1598 782 1444 1799 301 1273 899 30 1675 1124 550 534 
minDistance: 3.60591
cost: 368314
capacity: 298919
time: 51059
maxTime: 60000
LS1: 17931/18810
LS2: 463/879
LS3: 0/0
shakeIters: 376
shakeLoops: 32
