4.3:18 4.8:34 5.4:133 6.2:146 6.7:253 7:1459 7.1:1887 7.6:21565 7.7:25292 8.1:48132 8.2:48909 8.5:49586 8.6:50459 
293 6 126 410 398 248 153 453 322 1 315 7 104 495 75 4 111 39 276 412 327 43 37 149 254 290 212 390 229 368 167 426 150 458 225 158 164 298 436 264 307 432 81 204 406 439 473 481 395 194 365 32 311 92 120 275 35 20 220 87 228 357 183 429 22 419 235 94 277 105 157 308 244 66 380 319 500 345 259 411 397 31 459 462 176 203 401 171 499 189 451 136 88 251 51 211 196 294 154 263 415 423 100 182 442 493 392 352 476 306 475 131 366 169 170 67 21 190 324 214 127 404 386 99 98 97 221 
minDistance: 8.6
cost: 64639
capacity: 77655
time: 50459
maxTime: 60000
LS1: 74913/92699
LS2: 8194/17786
LS3: 0/0
shakeIters: 9575
shakeLoops: 955
