4.8:19 5.6:117 6.2:128 6.3:156 6.7:169 7:1006 7.1:1011 7.6:36918 7.7:37621 
66 39 423 87 98 481 453 124 111 254 290 406 398 191 43 1 476 473 365 291 277 382 495 221 20 441 190 462 214 432 8 22 21 147 263 251 99 307 120 129 451 94 419 426 443 264 235 171 158 244 404 131 57 275 126 500 204 327 459 211 110 88 276 105 401 150 415 442 181 227 412 100 414 376 436 229 196 377 319 32 493 248 220 238 352 104 259 81 499 4 219 293 169 170 447 380 157 154 410 136 203 228 189 127 345 92 69 6 429 287 149 392 176 97 294 488 67 226 357 27 390 458 212 449 439 164 183 475 397 311 
minDistance: 7.7
cost: 64612
capacity: 77640
time: 37621
maxTime: 60000
LS1: 71841/88701
LS2: 7053/16860
LS3: 0/0
shakeIters: 9796
shakeLoops: 977
