5.4:10 6.6:53 6.7:165 7.1:4757 
449 496 404 459 226 67 22 124 97 315 382 432 426 451 1 500 204 368 56 228 164 235 100 21 357 271 105 183 120 87 66 293 251 149 110 131 203 254 43 277 229 263 92 412 144 392 415 45 39 44 307 51 410 462 308 457 214 398 153 211 244 20 423 283 181 276 401 194 57 80 473 169 99 397 439 259 327 170 363 176 450 290 225 345 126 37 81 32 248 157 476 98 406 304 458 40 493 136 150 31 158 499 347 275 261 311 35 8 291 191 453 419 352 88 111 319 376 380 324 470 220 314 171 94 198 488 127 222 294 365 231 298 
minDistance: 7.1
cost: 64624
capacity: 77657
time: 4757
maxTime: 60000
LS1: 74101/91521
LS2: 8018/17420
LS3: 0/0
shakeIters: 9398
shakeLoops: 938
