3.4:6 4.3:17 5.4:35 6.3:59 6.4:84 6.7:398 7:3527 7.1:4013 7.6:4781 7.7:6473 
190 493 413 164 97 66 176 220 94 476 20 175 212 438 327 157 415 277 275 462 127 11 380 221 67 242 459 423 21 1 227 365 88 82 158 183 259 194 466 251 406 170 366 100 426 92 249 323 188 32 120 500 319 298 401 294 271 458 451 99 276 50 429 307 38 345 226 412 436 150 87 105 439 450 293 328 228 475 352 31 131 229 473 39 4 147 111 390 126 35 149 213 398 8 169 441 263 397 81 238 6 404 357 495 235 419 171 225 22 37 290 499 203 324 410 98 411 432 43 392 191 453 214 382 442 7 248 264 42 
minDistance: 7.7
cost: 64635
capacity: 77656
time: 6473
maxTime: 60000
LS1: 71764/89739
LS2: 8563/17975
LS3: 0/0
shakeIters: 9401
shakeLoops: 937
