2.5:10 4.8:39 5.4:71 5.6:429 6.2:452 6.4:524 6.7:606 7:2179 7.1:2278 7.2:47232 7.6:47358 7.7:50529 
406 92 6 395 390 227 357 170 203 157 453 459 308 32 259 105 100 235 27 404 450 57 277 500 311 4 20 164 238 171 293 398 476 115 126 380 158 432 382 191 104 314 7 275 38 481 429 409 397 242 276 228 221 190 251 154 366 345 39 131 21 493 254 436 81 229 248 183 66 169 298 124 212 150 290 120 263 392 214 149 94 67 327 98 458 22 401 176 423 77 307 220 99 43 319 80 127 415 188 226 365 88 87 225 111 347 287 211 363 264 462 441 419 294 196 1 410 412 426 97 499 473 324 451 
minDistance: 7.7
cost: 64612
capacity: 77652
time: 50529
maxTime: 60000
LS1: 72313/89361
LS2: 7386/17048
LS3: 0/0
shakeIters: 9650
shakeLoops: 963
