2.5:5 4.7:21 4.8:42 6.2:172 6.4:177 6.7:338 6.9:709 7:841 7.1:1014 7.2:17533 7.7:17618 8.1:19122 8.2:24238 8.6:24824 
7 95 319 1 453 278 254 306 238 413 181 488 99 495 66 39 406 120 263 307 32 183 229 104 169 20 129 127 8 204 450 77 496 466 493 429 458 147 327 188 251 426 105 397 436 294 451 439 462 293 381 290 311 401 213 75 100 81 470 6 225 149 415 50 275 196 214 131 392 277 170 352 475 244 21 390 211 220 111 43 176 27 365 4 212 423 221 92 171 164 476 432 150 175 500 126 259 345 248 158 276 82 380 298 22 186 481 459 97 473 315 398 67 404 410 157 324 88 145 357 395 49 442 51 190 98 228 499 191 419 194 235 203 
minDistance: 8.6
cost: 64626
capacity: 77650
time: 24824
maxTime: 60000
LS1: 74930/93001
LS2: 8976/18071
LS3: 0/0
shakeIters: 9079
shakeLoops: 905
