4.8:7 5.6:100 7:146 7.1:224 7.7:12073 8.1:47487 8.5:48793 
39 366 220 495 42 214 126 251 406 259 450 213 439 293 476 225 415 35 226 264 171 423 1 324 276 436 45 390 228 212 169 248 294 43 81 307 473 124 429 8 397 157 319 322 298 315 7 363 191 278 381 357 97 493 32 190 105 158 499 176 204 203 311 21 500 20 263 149 211 380 275 164 238 277 94 67 458 6 154 170 398 401 37 290 352 77 131 189 451 196 51 4 66 432 419 457 410 365 244 88 120 92 111 80 426 481 453 282 249 147 127 100 183 466 98 462 404 194 229 95 345 308 392 459 327 150 22 235 12 
minDistance: 8.5
cost: 64635
capacity: 77672
time: 48793
maxTime: 60000
LS1: 77463/95023
LS2: 8382/17560
LS3: 0/0
shakeIters: 9170
shakeLoops: 914
