4.7:19 4.8:37 5.4:259 6.2:276 6.7:301 7.1:1939 7.6:5456 7.7:7660 8:8105 8.1:8116 8.5:10849 
415 357 149 398 251 221 98 92 315 4 473 499 214 169 175 311 263 442 176 21 244 293 298 97 319 31 248 35 157 127 154 81 381 196 20 12 308 264 105 6 365 124 90 276 404 457 466 212 194 324 120 131 462 220 183 191 111 211 390 439 203 426 259 235 345 43 189 327 493 275 413 170 39 88 363 277 67 66 459 436 167 158 294 171 242 322 100 383 397 190 126 104 147 451 450 164 254 1 307 432 352 476 109 410 392 495 419 150 380 406 458 500 423 32 453 225 229 228 429 94 306 7 401 22 290 238 181 95 
minDistance: 8.5
cost: 64592
capacity: 77651
time: 10849
maxTime: 60000
LS1: 81805/100792
LS2: 9638/18987
LS3: 0/0
shakeIters: 9338
shakeLoops: 931
