2.5:6 3.4:29 4.3:61 4.8:79 5.6:85 6.2:261 6.6:272 6.7:476 7.1:532 7.5:18733 7.6:18745 
404 100 8 57 124 366 311 473 92 436 214 382 238 401 131 329 215 277 316 12 459 190 254 136 376 235 275 149 50 365 81 188 127 95 226 129 450 426 120 56 251 259 294 357 383 410 66 293 105 183 319 43 278 439 228 290 248 242 126 457 88 451 324 212 441 37 198 406 221 97 397 4 141 32 158 252 21 453 49 196 176 150 276 499 211 298 442 27 263 412 409 432 423 415 45 327 345 398 67 470 493 6 462 419 98 495 204 1 481 191 203 307 170 175 476 392 164 352 157 380 500 220 429 264 458 7 111 225 169 381 22 94 
minDistance: 7.6
cost: 64641
capacity: 77644
time: 18745
maxTime: 60000
LS1: 72116/89780
LS2: 8398/17664
LS3: 0/0
shakeIters: 9255
shakeLoops: 922
