2.5:9 2.6:22 4.7:28 4.8:66 5.4:352 6.2:368 6.4:479 7:668 7.1:767 7.6:10582 7.7:10705 8.1:11030 8.2:12950 8.5:13023 8.6:15379 
293 290 99 315 294 397 432 7 31 398 214 226 429 149 8 499 77 275 345 458 450 380 436 308 131 311 213 97 363 248 276 196 169 191 392 415 390 153 404 177 194 171 183 307 225 263 104 49 81 410 47 80 500 366 291 147 126 175 259 100 228 462 324 466 211 244 43 212 120 57 150 164 406 423 190 495 413 220 67 426 22 32 475 66 459 470 451 27 94 327 254 376 115 92 1 136 98 87 298 493 111 357 278 251 229 277 39 439 158 203 157 20 88 395 105 453 365 176 401 481 488 170 21 473 154 319 235 6 419 368 476 127 4 
minDistance: 8.6
cost: 64624
capacity: 77644
time: 15379
maxTime: 60000
LS1: 76662/95145
LS2: 9557/18483
LS3: 0/0
shakeIters: 8908
shakeLoops: 887
