4.6:14 4.7:26 4.8:39 5.6:1194 6.2:1272 6.4:1820 7.1:1834 7.6:10632 7.7:10899 
298 488 183 149 426 145 347 406 111 500 453 203 8 259 32 127 401 94 235 436 251 92 457 462 412 244 190 493 238 294 98 390 398 380 397 327 404 104 6 35 228 219 429 352 277 322 275 42 365 476 439 366 386 290 164 167 473 220 382 392 196 495 105 97 120 88 319 419 254 43 67 413 459 345 450 87 7 221 451 308 248 81 191 131 304 1 410 363 4 204 252 264 293 357 499 77 481 324 316 150 225 432 57 313 212 441 169 276 80 214 189 226 272 170 158 157 211 415 213 154 458 176 126 423 100 311 492 22 21 66 263 
minDistance: 7.7
cost: 64625
capacity: 77644
time: 10899
maxTime: 60000
LS1: 74174/91625
LS2: 8297/17451
LS3: 0/0
shakeIters: 9144
shakeLoops: 912
