1.5:5 2.7:19 3.2:36 3.8:41 4.2:49 4.4:55 4.5:60 4.7:70 5.2:469 5.5:696 5.7:3989 5.8:4191 6:4332 6.3:5327 6.6:7693 
164 251 211 103 328 416 145 62 305 198 485 110 273 173 413 418 375 100 339 477 134 480 440 84 97 190 425 135 15 38 483 332 8 144 193 237 345 330 472 241 79 181 284 57 460 262 151 47 77 48 457 317 169 495 344 36 206 447 359 292 443 28 54 29 466 227 299 209 431 355 401 21 119 175 7 451 73 298 122 196 101 410 153 409 488 283 412 31 290 497 236 439 1 414 166 249 159 256 450 261 154 210 303 461 276 16 473 203 27 178 356 382 467 107 449 113 128 500 45 6 235 99 207 429 137 340 487 289 4 240 88 280 108 489 
minDistance: 6.6
cost: 62727.2
capacity: 74423
time: 7693
maxTime: 60000
LS1: 58558/76844
LS2: 9453/18286
LS3: 0/0
shakeIters: 8813
shakeLoops: 880
