1.2:8 1.5:37 3.8:78 4.2:259 4.4:277 4.7:462 5.5:1606 5.7:3811 6:3826 6.3:5842 6.6:20684 
134 406 493 460 181 465 473 467 128 317 345 236 284 388 440 175 230 104 431 209 145 97 180 276 483 110 100 425 489 292 47 461 414 457 299 235 382 54 262 340 451 409 79 28 241 342 103 210 108 193 248 339 305 119 356 206 107 164 330 62 289 88 77 178 196 4 227 240 401 413 135 27 485 8 407 113 429 418 261 233 332 91 137 283 408 169 249 6 487 443 239 226 48 32 144 273 410 101 207 1 245 73 472 416 166 355 447 35 151 154 477 328 412 15 251 126 38 359 495 237 16 480 303 466 290 122 490 99 298 449 
minDistance: 6.6
cost: 62711
capacity: 74436
time: 20684
maxTime: 60000
LS1: 54743/72723
LS2: 8589/17980
LS3: 0/0
shakeIters: 9376
shakeLoops: 933
