0.9:6 1.2:14 2.1:34 2.7:40 3.2:45 3.8:91 4.2:105 4.4:212 4.5:317 4.7:400 5.5:2951 5.7:3407 6:3710 6.3:4641 6.6:10628 
429 485 345 431 330 487 497 32 97 280 47 483 128 14 207 91 443 412 236 43 80 175 234 467 355 495 135 62 273 292 425 127 466 401 237 196 276 477 299 290 220 16 8 181 164 230 93 203 145 416 15 465 77 107 178 35 57 298 29 88 283 451 473 339 413 410 38 488 48 27 440 317 450 336 284 328 235 6 418 79 382 457 409 303 134 122 169 45 256 193 166 289 249 480 210 144 154 240 151 332 500 333 227 1 108 99 101 206 375 110 408 7 305 119 209 84 437 4 251 363 414 28 73 461 262 226 100 439 261 472 460 198 126 356 21 447 344 104 359 113 489 
minDistance: 6.6
cost: 62708
capacity: 74423
time: 10628
maxTime: 60000
LS1: 63133/81444
LS2: 9833/18311
LS3: 0/0
shakeIters: 8462
shakeLoops: 843
