1.2:17 1.5:32 2.1:38 2.7:53 3.8:84 4.2:95 4.4:112 4.5:184 4.7:272 5:8407 5.5:8920 6:19220 6.3:23870 6.6:58558 
416 356 477 104 198 48 418 79 128 159 483 122 27 28 473 328 164 154 181 299 210 277 261 485 43 144 289 16 472 62 451 21 251 267 193 145 429 99 431 207 344 73 305 382 166 77 330 175 49 460 151 93 209 412 97 273 359 108 236 413 235 461 6 457 134 88 425 169 38 290 466 443 47 465 488 480 91 355 107 467 135 495 489 227 440 345 35 249 119 206 8 401 414 32 340 447 203 410 4 256 487 409 54 226 373 240 298 280 339 276 1 178 283 284 332 241 110 101 113 237 303 103 262 196 292 45 15 317 
minDistance: 6.6
cost: 62722
capacity: 74453
time: 58558
maxTime: 60000
LS1: 54388/71707
LS2: 8007/17319
LS3: 0/0
shakeIters: 9296
shakeLoops: 927
