1.5:19 2.1:98 3.8:221 4.4:247 4.5:632 4.7:814 5.5:2650 6:3411 6.3:4873 6.6:7741 
419 43 298 416 119 345 241 292 262 83 122 461 35 485 261 439 108 472 460 134 451 226 57 7 480 38 99 359 495 483 21 429 251 409 418 100 211 8 48 144 457 303 277 79 240 175 487 110 207 4 86 440 101 206 339 236 169 88 73 209 283 62 16 477 401 332 151 305 97 330 466 465 299 340 431 273 500 237 145 276 27 28 289 249 154 280 355 135 47 203 328 497 36 274 126 166 190 6 256 467 107 77 284 488 210 84 406 382 113 414 178 15 250 356 443 181 410 317 49 196 103 375 489 227 193 413 290 447 473 425 234 128 412 
minDistance: 6.6
cost: 62720
capacity: 74425
time: 7741
maxTime: 60000
LS1: 58827/77121
LS2: 9176/18294
LS3: 0/0
shakeIters: 9107
shakeLoops: 908
