0.9:6 1.2:19 2.1:29 2.7:53 3.7:96 4.4:105 4.7:2452 5.5:2900 6:3451 6.3:3909 6.6:21014 
159 292 35 154 418 382 489 336 237 48 409 413 451 477 356 429 4 151 8 164 416 431 110 499 84 290 298 27 114 241 79 15 317 62 261 493 103 303 332 119 248 252 457 73 407 359 289 100 283 91 355 299 472 437 145 99 207 305 345 443 88 330 401 240 196 480 412 460 108 467 312 328 473 175 235 181 344 134 466 226 249 7 47 16 339 363 425 490 6 497 128 236 227 485 276 1 233 333 166 144 101 273 113 169 104 45 487 142 209 251 406 284 495 28 57 465 135 97 206 440 178 36 193 483 107 461 122 414 38 32 342 408 180 
minDistance: 6.6
cost: 62738
capacity: 74460
time: 21014
maxTime: 60000
LS1: 57366/75478
LS2: 9214/18112
LS3: 0/0
shakeIters: 8884
shakeLoops: 886
