2.7:13 4.4:35 4.7:243 5.5:1616 6:1695 6.3:2028 6.6:5894 
23 88 409 261 460 164 298 181 284 489 447 305 145 480 473 262 137 47 206 472 18 477 8 1 467 227 340 289 280 382 108 292 276 207 38 6 240 500 154 126 144 416 73 332 128 62 211 122 328 418 235 166 414 429 190 103 425 91 237 177 465 169 410 359 79 241 35 267 495 101 283 339 290 119 406 457 97 236 466 256 488 487 251 77 57 32 449 27 196 344 203 151 443 461 16 113 110 15 175 135 4 345 401 355 273 48 342 28 485 483 450 356 134 330 440 277 21 412 226 146 413 249 84 100 36 303 7 317 299 209 245 107 193 451 
minDistance: 6.6
cost: 62721
capacity: 74431
time: 5894
maxTime: 60000
LS1: 58457/76816
LS2: 9572/18359
LS3: 0/0
shakeIters: 8779
shakeLoops: 875
