1.5:6 4.4:67 4.5:771 4.7:868 5.5:887 5.7:1040 6:1381 6.2:2273 6.3:2358 6.6:22514 
299 88 443 126 178 241 47 32 336 97 289 410 54 290 401 207 340 128 262 84 373 416 49 62 460 135 493 154 473 28 330 211 226 16 77 418 359 466 489 472 27 283 447 451 303 412 413 180 6 328 480 261 465 48 356 169 206 344 83 467 45 233 487 425 145 73 175 4 407 414 276 164 408 151 107 298 292 57 110 477 196 388 193 230 227 499 122 240 440 483 181 277 15 134 209 237 389 461 35 485 317 431 113 355 339 166 79 249 495 104 235 332 284 490 409 345 382 144 437 439 137 43 38 8 103 457 101 251 108 1 491 273 305 429 
minDistance: 6.6
cost: 62737
capacity: 74440
time: 22514
maxTime: 60000
LS1: 61529/79194
LS2: 8848/17665
LS3: 0/0
shakeIters: 8805
shakeLoops: 878
