4.4:20 4.7:503 5:963 5.5:1136 6:8493 6.3:9316 6.6:14435 
53 407 28 499 145 298 97 262 472 82 1 135 178 73 134 261 483 277 180 467 359 4 328 340 196 206 284 485 79 245 461 440 38 273 489 276 8 241 27 375 451 303 355 290 193 126 382 15 495 299 107 35 169 487 113 336 233 401 457 101 175 103 57 251 465 77 356 345 412 16 330 493 305 477 128 235 166 249 62 416 373 6 151 460 292 240 84 429 209 342 409 137 108 47 119 480 45 388 164 181 144 357 154 418 339 317 88 236 344 227 110 289 425 490 207 234 274 414 283 473 431 122 413 48 466 91 332 443 447 237 
minDistance: 6.6
cost: 62733
capacity: 74425
time: 14435
maxTime: 60000
LS1: 53466/70716
LS2: 7676/17250
LS3: 0/0
shakeIters: 9565
shakeLoops: 955
