44:44 44.4:50 45.2:286 45.6:1178 46.4:1209 47.8:1216 48.5:1223 49.6:1439 49.8:1577 50.1:1621 51.1:5127 51.2:6367 51.9:6633 52.2:6738 52.6:7630 53.3:7978 56:8075 56.5:8898 56.8:23449 57.8:23734 
470 192 38 89 36 353 326 180 155 262 21 116 379 98 307 49 112 82 289 343 61 258 312 416 425 378 196 369 248 79 341 188 431 48 93 33 40 174 403 191 139 373 13 277 346 381 320 302 29 432 297 28 305 50 159 263 55 363 359 441 47 407 60 499 338 217 418 482 10 177 
minDistance: 57.8
cost: 69124
capacity: 51029
time: 23734
maxTime: 60000
LS1: 500544/518669
LS2: 4150/18125
LS3: 0/0
shakeIters: 13955
shakeLoops: 1392
