41.3:35 45.4:107 47:113 47.8:225 48.2:229 50.8:258 51.1:265 52.2:391 53:521 56.1:794 56.5:5412 
112 101 417 127 416 213 302 407 381 470 50 79 78 13 216 387 431 498 403 48 174 36 346 116 435 373 231 47 263 432 196 40 425 157 49 155 261 378 312 441 10 93 277 370 289 307 369 41 254 418 363 382 276 61 54 338 192 159 177 309 110 60 482 38 379 344 487 409 341 
minDistance: 56.5
cost: 68371
capacity: 51088
time: 5412
maxTime: 60000
LS1: 506772/524550
LS2: 3214/17778
LS3: 0/0
shakeIters: 14552
shakeLoops: 1452
