43:39 44.3:58 44.4:124 44.9:144 47.3:159 48.6:343 49.1:2176 49.6:2597 49.7:2850 50.8:31698 52.5:32324 
441 498 434 217 373 350 152 268 447 497 118 41 176 60 335 343 431 333 323 26 51 79 35 454 366 479 261 237 274 460 262 452 48 359 38 81 385 36 290 273 140 76 112 436 100 233 202 84 57 40 13 9 33 279 325 437 90 369 411 21 364 415 229 378 195 392 307 192 212 188 10 
minDistance: 52.5
cost: 68728
capacity: 51057
time: 32324
maxTime: 60000
LS1: 500127/517102
LS2: 3496/16975
LS3: 0/0
shakeIters: 13467
shakeLoops: 1343
