37.6:41 39:72 40.2:83 44.7:94 45.2:132 45.4:152 46.2:413 47:449 47.9:457 48.6:461 49.4:581 49.9:694 51.2:1439 51.5:1483 52.2:4900 53.8:5460 53.9:31566 54.5:32368 55.1:34733 
26 491 376 390 308 192 238 441 482 313 223 49 263 460 108 180 36 363 454 89 188 382 320 431 40 268 38 369 127 467 354 387 150 90 231 51 406 343 21 79 403 251 407 359 498 379 254 425 74 397 279 35 326 112 155 378 152 116 373 75 437 447 341 307 302 336 229 459 227 47 
minDistance: 55.1
cost: 70365
capacity: 51064
time: 34733
maxTime: 60000
LS1: 493849/511838
LS2: 4146/17989
LS3: 0/0
shakeIters: 13820
shakeLoops: 1378
