35.3:18 37.7:38 37.9:49 40.4:120 43.1:191 44.4:202 45.4:365 46.5:374 46.6:603 46.8:606 47.2:1510 47.7:1542 47.8:1605 48.4:1937 49.4:1953 50:2474 50.2:2517 51.6:2699 52.6:2846 53:11984 
274 215 308 344 174 166 216 385 291 121 406 188 140 489 222 437 273 263 394 343 233 461 488 176 341 242 51 415 76 183 458 33 302 412 90 369 323 184 105 478 284 451 193 103 500 227 389 127 142 13 72 418 329 110 78 356 160 1 381 447 111 382 57 380 48 138 335 431 192 264 470 330 
minDistance: 53
cost: 63563
capacity: 51060
time: 11984
maxTime: 60000
LS1: 474536/492048
LS2: 4222/17512
LS3: 0/0
shakeIters: 13268
shakeLoops: 1322
