39:29 44.2:56 46.5:153 46.6:274 48.5:281 50.5:360 50.8:1323 52.1:1511 52.5:1714 54:1758 54.4:2720 54.7:2737 55.5:4522 56.4:4659 56.5:29083 58.2:36047 
273 121 242 323 415 413 489 127 406 199 379 78 216 437 98 38 418 361 41 498 51 166 400 331 336 343 36 90 26 21 33 192 196 359 390 284 57 277 441 263 463 392 335 491 188 35 79 447 373 81 60 341 47 470 61 378 193 174 345 466 217 13 431 291 116 55 268 302 15 40 
minDistance: 58.2
cost: 66558
capacity: 51088
time: 36047
maxTime: 60000
LS1: 505414/523303
LS2: 4083/17889
LS3: 0/0
shakeIters: 13790
shakeLoops: 1377
