39.5:30 39.7:38 42:82 43.7:116 44:125 44.4:142 44.7:292 46.3:400 49.3:410 49.7:416 49.8:547 52.3:648 53.9:834 54.4:1620 55:10958 55.8:17118 56.7:38205 
322 117 377 491 345 55 346 134 313 193 412 355 249 441 410 401 376 485 6 319 381 360 130 300 490 174 272 69 67 163 39 97 17 140 35 483 291 426 408 476 74 126 164 380 22 339 362 239 411 434 54 116 364 58 477 432 186 162 8 308 16 61 79 251 12 310 265 276 416 
minDistance: 56.7
cost: 61835
capacity: 49703
time: 38205
maxTime: 60000
LS1: 456658/475768
LS2: 5738/19110
LS3: 0/0
shakeIters: 13351
shakeLoops: 1330
