33.7:26 39:44 42.4:60 42.9:84 47.1:111 48:119 50.7:425 52.3:494 53.5:704 54.3:943 55.1:1173 55.3:1183 56.2:1246 56.3:4163 56.7:16589 56.8:17494 57.3:18590 57.4:19829 57.5:50592 
491 54 109 291 316 201 132 30 205 160 140 319 164 186 152 438 374 451 19 412 13 108 476 154 300 405 292 327 445 431 47 301 66 150 67 196 22 443 360 376 193 467 26 219 16 240 413 177 432 85 397 202 175 468 42 339 384 463 249 3 216 473 383 144 192 35 188 145 485 
minDistance: 57.5
cost: 60043
capacity: 49717
time: 50592
maxTime: 60000
LS1: 469908/488248
LS2: 3764/18340
LS3: 0/0
shakeIters: 14556
shakeLoops: 1450
