36.2:24 39.7:44 41.2:98 41.6:113 42.5:134 42.8:178 44.7:182 45.3:229 45.5:264 49.8:276 50.6:299 50.9:309 51:416 52.3:618 56.4:917 56.5:15555 
214 317 162 474 163 227 72 362 401 300 476 426 410 202 416 39 62 432 8 441 332 69 130 16 494 240 411 364 376 491 30 115 339 431 85 359 312 334 265 274 154 225 457 55 322 6 434 490 79 367 191 186 287 284 308 63 54 200 170 380 473 249 108 192 22 
minDistance: 56.5
cost: 61170
capacity: 49790
time: 15555
maxTime: 60000
LS1: 450566/468996
LS2: 3074/18430
LS3: 0/0
shakeIters: 15337
shakeLoops: 1528
