41.1:44 42.4:176 42.5:180 44.4:186 48:227 49.2:290 49.3:293 49.7:399 50.8:457 52.2:468 52.3:596 53.3:602 53.4:1142 53.5:1149 54.3:1436 54.4:1695 54.9:1707 56.1:2667 56.2:3570 56.9:7264 
54 160 67 221 317 212 432 134 284 216 332 345 476 140 412 186 42 290 17 251 289 410 441 451 151 285 292 130 150 193 383 22 58 308 485 319 110 228 473 227 52 362 145 322 300 79 272 28 429 426 467 26 235 225 152 417 119 360 62 478 416 61 35 172 164 411 405 155 240 15 
minDistance: 56.9
cost: 58944
capacity: 49665
time: 7264
maxTime: 60000
LS1: 450560/469666
LS2: 6335/19106
LS3: 0/0
shakeIters: 12750
shakeLoops: 1271
