34.4:17 36.8:32 39.5:39 39.7:59 42.4:74 43.6:107 45.3:113 47.3:159 48.2:165 49.8:297 50.7:435 54.2:488 54.3:501 55:4536 55.9:5959 56.2:11010 
284 115 186 58 296 306 491 205 113 485 319 39 17 419 410 412 441 134 466 161 346 16 401 422 403 300 451 218 8 124 313 209 22 149 381 426 405 408 411 432 140 359 339 154 142 217 308 476 19 360 61 67 477 111 249 344 192 259 327 70 11 291 201 434 376 38 54 6 20 69 
minDistance: 56.2
cost: 63495
capacity: 49714
time: 11010
maxTime: 60000
LS1: 439801/458348
LS2: 5967/18547
LS3: 0/0
shakeIters: 12563
shakeLoops: 1254
