35.1:21 37.4:30 38.4:36 39.5:42 41.3:52 42.4:63 43.8:74 44:80 45.1:100 45.3:113 52.3:194 53.7:2733 54.3:2740 54.4:2757 54.7:4450 55.1:4521 55.5:5155 56.2:48269 56.3:51629 
463 464 327 16 410 411 19 132 426 476 401 432 485 306 200 183 434 170 6 141 152 300 339 214 34 303 158 54 218 10 225 217 377 398 85 154 205 201 497 265 30 332 344 367 287 192 187 431 382 111 373 474 179 227 32 413 492 487 68 473 142 240 120 63 334 255 22 95 
minDistance: 56.3
cost: 65577
capacity: 49623
time: 51629
maxTime: 60000
LS1: 463299/482394
LS2: 5072/19095
LS3: 0/0
shakeIters: 14002
shakeLoops: 1397
