36.8:33 42.4:69 42.8:74 47.1:95 49.9:107 52.2:166 52.3:272 52.7:333 52.8:385 53.5:551 54.1:762 54.4:1016 54.7:2783 54.8:2796 55.1:3186 56.2:3234 56.5:3303 57.4:5576 
37 13 432 485 344 54 340 327 382 111 205 287 303 284 3 253 441 274 445 6 474 225 115 196 218 491 403 79 162 191 431 359 22 397 32 335 10 140 339 72 426 334 68 438 30 39 490 410 300 227 483 214 16 52 298 473 55 154 249 192 132 401 367 85 294 476 380 
minDistance: 57.4
cost: 61566
capacity: 49619
time: 5576
maxTime: 60000
LS1: 488177/506550
LS2: 3805/18373
LS3: 0/0
shakeIters: 14550
shakeLoops: 1451
