39.6:26 39.7:53 42.4:90 45:143 49.7:246 49.8:330 50.7:338 52.3:352 52.8:900 54.3:1545 54.4:4399 54.7:4811 55.1:17031 55.2:19658 
192 200 441 16 491 426 432 403 253 30 115 205 259 150 169 339 54 154 419 32 476 39 477 287 457 3 327 69 473 22 214 332 124 8 470 401 380 72 274 317 6 249 55 344 362 227 431 170 303 217 63 79 284 239 218 34 67 474 359 434 410 445 416 382 376 191 356 
minDistance: 55.2
cost: 60478
capacity: 49642
time: 19658
maxTime: 60000
LS1: 475537/493726
LS2: 4050/18189
LS3: 0/0
shakeIters: 14123
shakeLoops: 1408
