36.2:29 38.9:38 41.3:63 42.4:67 44.7:102 48.3:132 48.5:154 49.3:185 50.7:194 52.1:198 52.3:230 54.3:455 54.4:2212 54.9:2317 55.1:2957 55.4:6007 55.5:6420 
19 112 30 7 332 467 491 216 22 186 154 81 240 42 52 16 259 150 327 287 466 58 85 140 284 441 308 218 319 54 225 346 109 227 431 67 344 111 457 496 474 411 214 384 410 196 398 151 300 383 192 432 156 219 263 289 191 249 334 476 298 343 145 115 362 152 160 201 
minDistance: 55.5
cost: 65006
capacity: 49687
time: 6420
maxTime: 60000
LS1: 484123/502184
LS2: 4146/18061
LS3: 0/0
shakeIters: 13897
shakeLoops: 1385
