38.4:27 39.3:38 42:46 42.4:62 43.4:89 45.3:427 46.6:554 46.8:558 47.9:619 51.7:623 54.3:2116 56.3:26457 
314 205 192 296 258 411 61 304 19 41 392 306 476 152 111 401 345 134 319 359 183 161 346 293 6 308 360 123 186 22 54 38 120 367 405 115 69 201 322 218 158 291 339 164 140 412 434 98 327 422 20 17 190 188 225 432 131 116 141 95 300 284 58 217 8 52 209 426 187 
minDistance: 56.3
cost: 68085
capacity: 49641
time: 26457
maxTime: 60000
LS1: 466684/484399
LS2: 4645/17715
LS3: 0/0
shakeIters: 13057
shakeLoops: 1302
