39.5:30 40.9:57 42.4:66 44.8:112 45.3:125 50.6:148 51.2:173 51.5:225 52.3:276 53.5:516 53.8:1757 53.9:1771 54.8:2460 54.9:2779 55:2966 55.1:6613 
451 308 59 266 416 62 26 249 225 9 476 410 76 67 251 319 54 300 464 172 79 491 22 196 431 132 162 145 130 34 405 154 473 144 269 434 74 277 401 61 227 322 148 306 120 52 85 186 287 212 16 200 474 445 485 193 152 202 284 339 426 240 13 142 462 17 467 192 115 
minDistance: 55.1
cost: 58332
capacity: 49621
time: 6613
maxTime: 60000
LS1: 481410/500417
LS2: 5744/19007
LS3: 0/0
shakeIters: 13245
shakeLoops: 1321
