27.7:8 32.9:28 34.3:42 35.3:47 40.8:56 40.9:65 43.5:76 44.7:98 47.1:114 48.3:122 53:144 53.5:695 54.4:1913 54.9:22667 55.1:24285 56.2:25103 56.3:28493 56.8:38263 
42 284 308 397 140 10 287 141 300 216 467 22 319 445 359 473 376 240 164 15 30 108 291 144 26 475 85 115 322 219 183 188 327 364 457 412 466 35 410 405 79 16 154 434 196 152 160 191 130 443 310 432 192 383 223 426 476 225 186 72 112 481 431 357 293 332 54 339 
minDistance: 56.8
cost: 61930
capacity: 49841
time: 38263
maxTime: 60000
LS1: 476996/495964
LS2: 5801/18968
LS3: 0/0
shakeIters: 13149
shakeLoops: 1312
