1.6713:167 1.87808:605 2.23707:1219 2.37195:5315 2.40018:5704 2.46183:7542 
82 1526 365 592 1121 508 1163 283 808 1386 175 488 968 642 1663 1952 883 471 522 1966 768 1432 1894 337 1186 1033 997 1323 1250 1561 1806 1447 416 1273 1671 1214 1742 1053 210 756 1508 1369 172 927 233 1999 669 1763 373 1084 1935 1783 1823 763 193 964 986 319 644 1959 297 1097 272 1459 627 818 1360 112 775 827 1144 285 585 1870 972 1357 1900 1024 1902 17 1114 1481 178 1347 303 1191 1118 254 1856 31 709 451 363 483 748 661 976 70 1479 943 1261 954 1961 1449 1145 1413 1696 1036 1885 643 1679 1920 1802 1662 1181 491 387 1519 890 1562 1361 205 675 199 1834 428 1222 384 1125 1256 1438 1190 786 86 395 1656 1127 1882 1102 244 1943 1275 886 853 1050 1977 1049 1819 486 1948 957 1285 107 129 1740 1025 781 1070 1796 1213 275 1797 457 711 1351 1028 154 123 134 708 1401 1665 1825 903 1067 1810 725 754 1695 1503 165 1032 774 1743 1370 1965 276 467 265 1627 1734 535 1328 825 714 1037 238 1828 161 302 1010 742 880 1789 584 379 821 670 1652 1182 868 984 66 626 306 1092 1192 44 1487 944 1970 1170 570 1463 1225 117 1770 836 1975 1842 23 1556 1297 190 651 635 173 813 1350 762 1745 1978 1240 1944 232 970 1964 1017 1913 1425 1045 1623 1159 1827 1453 1910 958 15 1061 1926 223 1540 1857 1485 673 492 1813 1411 666 1200 412 1464 556 553 574 114 147 1021 1849 1888 1081 830 1531 945 1087 1312 150 1974 1884 73 1809 1711 1839 1784 1189 101 1707 800 115 1579 953 824 698 1199 60 1167 962 214 1731 744 1714 219 1803 801 1976 1043 185 1356 1313 25 1219 871 872 291 1120 220 318 156 814 356 1928 1306 68 847 1814 1625 1996 667 1126 1753 1862 179 1494 805 480 835 206 1693 1588 1278 89 720 506 1418 737 715 1499 312 1726 380 212 1105 1083 606 158 1059 1157 64 1680 264 1156 1448 1484 1238 625 1772 143 330 614 1779 520 1575 1747 1100 961 1698 983 340 1791 865 1384 1211 126 364 1506 422 251 94 1203 1632 933 27 260 757 349 211 593 1212 1598 100 659 622 873 1845 1461 400 1316 322 1339 1945 234 1606 1706 1527 1644 1831 916 510 39 745 478 1879 429 950 24 1513 572 1497 1298 1193 1235 136 732 314 1984 1544 1938 446 739 1664 1 792 793 704 1040 1951 1063 654 682 647 307 1142 252 1766 1790 538 1006 749 266 148 1670 861 525 1533 462 90 1980 1295 406 46 716 1690 913 1594 1300 664 118 164 705 1659 914 1041 1788 1139 1031 912 1798 658 1853 699 559 1584 600 1251 530 1492 1296 1502 1704 1409 689 940 657 48 41 169 778 1851 1889 1151 470 498 198 167 144 1989 355 1887 924 1342 120 195 895 1771 1073 598 459 
minDistance: 2.46183
cost: 246789
capacity: 298730
time: 7542
maxTime: 60000
LS1: 7457/8943
LS2: 1011/1486
LS3: 0/0
shakeIters: 469
shakeLoops: 45
