1.84114:272 2.03286:571 2.23707:803 2.33372:1197 2.33463:1418 2.37195:4159 2.40018:5161 2.42382:5334 2.42395:5452 2.43066:11230 2.46183:13921 
486 1225 1339 379 1461 538 54 927 480 625 1966 1083 1714 1944 1118 716 1889 1438 1067 670 1503 1199 647 1017 1926 1105 1902 835 1261 1113 973 15 1862 745 945 394 168 93 1788 1151 60 64 1526 508 1221 27 997 1531 176 1361 117 1977 172 1003 483 621 154 82 114 872 1540 808 1726 1969 635 737 212 1312 604 1240 1050 1879 370 1644 1492 247 1192 1369 234 118 1401 880 525 1945 1082 463 1049 355 179 506 1175 1213 938 1989 901 908 1888 704 689 830 1190 1951 303 1938 1806 1350 1200 471 1203 1091 970 1126 1625 1459 873 210 535 871 1300 17 1999 1783 1273 865 1157 739 141 1745 1121 1672 211 1984 1562 1882 1659 276 1942 1771 1306 470 1656 1191 1974 1970 1222 161 1481 86 1386 90 1186 572 732 156 847 1059 1494 89 1996 1502 1809 1959 1296 492 640 318 1295 675 1584 1813 384 307 31 218 1084 1797 953 20 522 1061 1053 792 1823 781 413 708 70 1556 1424 39 223 1040 1691 1952 1033 424 914 1819 1579 23 1849 1743 1965 658 101 1763 1463 556 1854 659 1031 46 1464 1144 1253 530 1043 1828 581 472 434 1400 364 214 1814 1964 388 1275 232 1606 760 958 984 1037 1219 657 860 1707 916 1779 1395 1081 756 644 1278 112 1664 774 1384 136 1801 1831 1796 238 868 553 164 1747 1316 1159 744 1913 1214 1163 1680 377 575 943 175 887 1028 1120 1755 1560 1114 664 459 1041 763 310 991 244 1418 1125 520 709 400 1790 487 1734 1695 976 1857 488 206 667 532 143 185 220 1142 1063 1337 1193 602 1978 1462 1784 789 1243 73 1181 643 1679 1347 126 1880 888 266 1087 1826 1235 1798 983 874 1893 909 749 94 559 1940 1488 593 233 422 365 1554 1024 585 1729 1506 1499 1697 1991 251 853 1351 291 252 190 144 1894 1324 1541 272 428 1834 1740 1250 1920 44 1746 1256 68 778 1839 1825 1449 147 642 833 1006 312 1212 1211 217 757 1652 944 1766 1842 285 1519 1910 1527 385 1251 762 1485 100 1692 592 373 890 178 775 198 380 1487 1139 1413 1002 584 1555 787 302 451 123 912 1095 467 1097 1298 1453 964 498 933 129 1971 158 340 1885 622 1164 839 1975 167 821 801 271 1513 134 344 173 195 1868 322 1641 836 661 1143 165 1010 1711 714 742 818 219 1770 1032 768 78 1370 25 606 337 265 446 1544 748 800 328 1772 1884 1810 754 170 614 715 699 555 412 300 1100 254 669 1851 349 1802 1631 896 924 1335 895 314 600 1073 1623 1803 1 903 1508 1257 972 1676 673 66 764 1244 433 1662 1598 1479 1409 961 1935 260 861 720 717 1092 705 1698 1551 1731 357 913 1497 1900 1138 954 1233 1356 1297 1789 1985 
minDistance: 2.46183
cost: 246774
capacity: 298731
time: 13921
maxTime: 60000
LS1: 7381/8783
LS2: 876/1402
LS3: 0/0
shakeIters: 515
shakeLoops: 50
