1.6713:203 1.82337:511 1.99122:798 2.07034:1152 2.23707:1397 2.25235:1549 2.37195:1904 2.42382:7919 2.42395:8057 2.46183:11957 
464 1910 136 593 1285 657 1964 1519 1298 179 513 1902 1880 123 260 1655 1181 340 1350 1028 789 1599 1854 1 1479 1100 417 559 1936 212 1788 223 1059 1006 1092 748 314 1386 1453 708 931 1203 757 1240 1865 1514 1191 1980 874 751 813 41 1229 412 1790 1656 683 1189 535 1846 865 1834 1783 120 1009 1192 625 93 266 1797 1067 1273 1623 388 536 807 145 1680 1300 25 880 787 1842 1423 1851 1261 1487 939 1862 673 1105 836 1409 814 1356 1825 161 1644 380 211 890 530 1151 285 1784 1463 1959 1544 871 198 210 112 1014 252 1371 446 853 165 1370 172 1400 1598 487 1662 244 1031 538 1796 1384 1763 1814 68 1707 470 154 1540 1588 903 1939 1889 873 1888 1913 1070 1413 1692 1438 775 1233 364 1690 90 1503 1962 1562 459 667 861 1977 1424 265 1061 1120 1032 745 1786 492 778 614 585 355 912 60 824 1126 400 114 167 643 800 1944 1823 1965 732 964 385 148 945 1316 19 147 272 1731 23 1966 682 450 275 704 478 763 264 442 508 1857 1802 1190 1551 1243 532 1975 1459 1167 117 791 1024 975 1827 556 1138 1118 635 1579 143 1199 1789 659 1139 1366 1671 251 1726 774 916 1925 1974 46 1165 821 1970 944 506 219 737 125 979 1494 1213 1672 830 604 675 59 1532 330 1084 1140 89 958 413 1170 908 997 847 1251 768 1900 622 895 1951 756 781 1214 1219 1711 742 1351 1499 699 961 1805 173 1527 933 664 970 1870 300 1049 101 581 1714 972 1200 1050 1025 32 1087 66 1040 1885 1743 1531 1556 234 1312 720 983 70 488 1740 1920 261 927 1887 1766 985 522 801 1073 193 1938 1594 118 1991 1664 168 1250 1806 175 510 387 328 1156 644 337 232 760 520 1641 156 357 525 126 283 312 808 1506 1257 238 940 208 1976 1448 1114 1884 679 976 991 953 48 1753 1081 206 951 1892 467 319 1256 1978 1271 1611 349 17 1652 584 303 1575 1772 620 214 1826 107 1063 1187 1143 1361 1401 27 1606 672 31 592 1828 1513 1296 715 1698 82 1003 1647 185 1129 1314 684 1853 1584 553 658 1831 100 1225 792 379 1625 1163 835 670 1142 1481 647 1193 1809 1010 1691 1097 924 1462 1043 195 793 1935 689 1893 1053 1502 709 1125 344 1275 94 1464 1508 1770 1695 786 276 38 15 1090 220 457 1347 64 176 451 1485 968 1432 1663 103 818 1894 249 1095 1121 1810 1141 570 1803 837 913 749 723 1745 1791 1480 1295 1771 1996 839 602 1849 384 1879 1632 1159 1999 1306 1706 954 1144 1779 486 483 661 129 158 1492 642 1952 1987 1989 322 600 1083 480 1033 254 373 247 1930 1449 434 914 1017 498 1945 572 1211 754 73 1961 962 669 363 302 1079 86 1847 44 437 606 1357 1425 
minDistance: 2.46183
cost: 246761
capacity: 298755
time: 11957
maxTime: 60000
LS1: 9185/10506
LS2: 801/1321
LS3: 0/0
shakeIters: 510
shakeLoops: 50
