1.99122:337 2.03286:494 2.07034:648 2.37195:1053 2.42382:1317 2.42395:4011 2.46183:5048 2.46457:26993 2.47359:34287 2.47581:35750 2.48108:38217 2.52796:49611 2.52906:50863 
396 835 1519 380 1698 715 117 1849 276 536 1350 1118 1556 756 871 172 192 90 1970 800 757 1040 1347 606 1156 1356 1418 1809 1514 1540 1298 1902 173 219 333 272 1203 890 883 73 916 904 1671 1623 872 413 1024 1579 732 559 214 319 35 1831 178 540 1449 1316 266 778 1235 666 1802 1868 1285 400 754 818 1996 89 1127 212 1879 1810 1425 933 1070 535 1801 1797 1706 136 1508 220 972 211 417 206 545 801 156 1763 1163 199 708 464 1788 1049 853 285 261 247 632 914 66 314 350 983 1952 1126 457 158 924 1945 1485 868 123 147 454 208 865 1811 1413 143 1386 1212 1664 689 1138 927 1411 185 25 470 958 1 745 912 553 1459 1067 340 1974 720 954 1656 1141 620 1819 1023 114 1853 1848 1151 1965 520 59 1193 94 961 1297 1306 1061 1704 657 1036 1261 1862 68 1189 592 15 1494 1199 901 328 1097 945 1964 44 1505 792 70 953 1729 699 643 129 821 1676 1461 1533 824 1980 1958 487 446 54 669 762 1975 1814 1799 1680 1084 1854 355 1050 1143 1966 1915 148 195 1695 1250 387 873 1606 585 1803 637 379 1652 997 322 1563 627 385 1073 880 1779 467 1219 1783 302 1641 976 165 120 1662 1527 1125 86 103 1142 373 830 1300 498 1826 462 1192 1789 1105 1768 903 1936 1017 1170 659 303 1139 836 1707 1770 365 1031 813 658 1790 908 1424 647 1063 970 1554 1659 1221 1095 1059 232 1747 39 833 244 1240 1296 161 1409 1487 1144 1938 664 1805 179 437 1360 1962 635 312 1714 1731 642 1893 337 957 600 450 451 233 1464 1839 1625 895 491 1530 492 488 832 1726 991 1079 1213 1961 1796 1229 1312 1665 1273 661 1251 1978 1191 1102 1506 134 984 17 522 1438 433 1230 483 913 1928 593 675 60 1264 1910 909 442 100 251 1145 1544 31 422 1225 1092 1032 46 825 751 1058 167 670 1087 1663 1887 1120 1502 530 704 1010 234 1828 714 1913 1745 1766 1256 1361 737 1734 532 625 384 480 1447 459 709 1384 1857 1190 1432 1880 1200 1753 1181 985 748 581 940 1627 654 1513 1856 53 1667 725 525 1995 763 1028 238 510 781 572 1400 1842 964 82 1214 151 1959 126 1827 1100 23 344 1081 1756 775 1594 1211 814 1006 1679 789 1960 1186 1370 570 1697 394 538 416 1121 1526 1357 198 1463 1453 112 306 1743 218 979 514 1481 508 614 1528 412 1939 1351 1935 860 660 193 107 1823 944 1479 1033 506 436 1275 1531 1784 223 968 742 254 774 1889 101 667 1944 1053 27 19 705 1771 1401 1499 808 1951 1198 640 1039 184 1295 1900 815 1644 291 1834 478 434 1492 556 252 264 847 698 723 144 1882 1369 1233 164 175 1562 861 1114 
minDistance: 2.52906
cost: 246681
capacity: 298781
time: 50863
maxTime: 60000
LS1: 8227/9477
LS2: 723/1250
LS3: 0/0
shakeIters: 514
shakeLoops: 49
