1.6713:171 1.84634:534 2.02699:784 2.37195:1680 2.3817:2282 2.40018:3592 2.42395:3759 2.46183:6852 2.46457:17514 2.47359:41457 2.47581:43367 2.52796:44908 2.54082:47901 2.54955:49696 
1819 979 682 260 868 1250 1494 1692 1594 1120 1331 100 361 632 15 505 94 173 483 704 172 835 1092 1606 337 1032 31 459 1825 1960 1192 1360 1711 904 667 506 1975 1081 1350 314 1285 126 193 1416 1463 908 223 1965 1665 1487 1935 764 1518 195 664 880 1209 1823 1156 1670 968 1575 1611 1579 983 434 861 249 1814 572 1734 1831 1961 1527 373 792 1087 129 841 1671 178 1278 1623 1519 1801 1040 1063 19 1356 164 1425 101 1141 647 530 1143 763 933 699 218 20 1370 1851 73 1679 1554 220 1743 90 32 1659 1121 1186 1043 211 363 143 742 1219 1978 451 1999 82 1695 991 1070 1515 1225 1203 514 1361 1920 1627 1097 951 1083 1189 962 1300 1191 1945 814 66 1036 1323 244 1939 1453 522 422 1913 1 939 1163 487 1799 725 1680 961 206 1784 365 179 606 1925 394 233 388 964 60 114 953 1641 913 596 1313 774 658 716 744 25 986 1854 1200 1298 789 1481 1796 1810 635 1144 208 1175 1656 924 1995 232 1551 1625 627 1984 585 1059 1050 737 1531 1151 68 385 984 1351 508 1771 1882 1868 1369 1809 1977 357 340 958 818 112 670 1142 86 1508 890 1357 757 786 666 261 944 1010 1970 1966 170 1296 600 642 1772 510 1959 1181 1400 1199 198 1273 303 1033 53 916 815 762 865 115 836 1971 1401 1783 860 167 1889 1127 643 1193 470 592 1540 821 778 1802 847 413 488 372 945 1827 714 970 147 800 950 675 1587 871 492 319 1014 1492 384 1409 1803 1900 1017 1295 70 322 1779 400 620 1526 1992 78 715 1386 512 673 148 238 732 808 1902 751 954 1813 1826 264 1790 1502 46 1707 467 306 1485 1964 1893 312 1849 1845 212 1448 556 446 661 1506 1930 1652 1261 873 176 1928 17 387 1834 219 1053 895 1697 525 136 813 1312 1459 1229 1848 1698 1006 998 1499 1763 234 93 1126 254 901 89 276 698 1663 1676 610 689 464 570 1479 897 461 1857 828 1664 1316 976 1264 161 344 1240 1797 123 1211 1885 1770 185 749 532 1879 1836 1731 1230 1789 1938 1910 1213 1079 1113 1562 158 1714 1862 33 424 275 380 1798 669 975 1067 266 1297 48 903 379 630 720 781 1413 756 214 1256 1464 1745 1828 165 291 559 498 1461 144 520 1544 328 775 1118 1275 1880 302 1936 1061 117 1513 27 272 748 1944 1084 251 1105 1541 1233 285 1951 625 1662 768 1842 1347 437 1339 54 824 1952 1028 754 1438 1024 1190 1125 1644 1214 300 1962 44 1462 1432 1528 252 801 1182 1996 454 463 535 940 830 1610 614 1556 1853 175 853 1100 657 1449 1598 330 355 1073 1887 1497 1114 709 1306 118 1031 412 23 1533 1726 480 1948 120 1384 745 538 593 
minDistance: 2.54955
cost: 246759
capacity: 298779
time: 49696
maxTime: 60000
LS1: 8116/9444
LS2: 831/1328
LS3: 0/0
shakeIters: 483
shakeLoops: 44
