1.6713:186 1.82337:516 1.87808:860 1.99122:1089 2.02699:1235 2.03286:1325 2.04851:2119 2.07034:3405 2.22258:4049 2.23707:4393 2.25235:4703 2.3287:5208 2.33372:6432 2.33463:6838 2.37195:10996 2.3817:20959 2.42382:21645 2.42395:26474 2.43066:28846 2.46183:30024 2.46457:35352 2.46499:42357 2.47359:45865 2.4757:46981 2.51307:49426 2.52796:53824 2.52906:55442 2.54082:55537 
1842 457 1802 657 1851 1839 178 1966 1700 807 261 916 1540 1425 756 1679 868 1656 976 212 467 1043 232 1105 470 1506 604 1233 211 1459 754 176 760 1964 410 1125 625 214 373 100 1214 1424 1882 1989 1401 1189 957 581 1848 357 1087 1671 1945 1138 1221 1819 1910 598 1170 219 836 1067 984 1961 252 1644 1753 961 1418 1095 1598 488 1384 1513 1790 1527 1939 1192 1552 1677 89 1024 792 1339 1061 1502 312 1606 1763 1386 1240 1879 1328 813 572 101 747 318 244 1796 642 90 1826 742 364 1432 1831 1126 1726 705 1544 704 93 1088 1142 165 272 1461 1092 412 179 954 254 1073 510 775 1219 670 627 1611 659 689 1791 161 1261 1579 953 640 774 208 799 951 1788 1357 1275 1657 789 1828 786 606 1144 1944 1680 46 830 1588 1257 748 520 1551 41 682 1902 1833 1499 667 818 1766 1256 664 1356 585 106 1664 1190 234 1050 1006 344 1273 248 1347 1814 1487 264 1031 1251 1900 1584 1032 1243 1508 1151 1037 118 1017 1935 57 143 1083 675 1623 1871 1106 1834 635 1173 1952 827 1186 556 1495 342 964 434 1114 1350 764 1300 120 340 483 643 1554 1298 1361 265 1519 144 1827 751 909 1316 522 25 1278 1413 1913 538 1652 1063 1181 1965 1313 745 608 600 958 123 975 66 991 451 669 1920 778 749 450 1479 912 1159 1698 1857 193 530 220 1409 1296 68 73 1193 1996 732 1797 1464 384 1745 767 801 1453 1167 808 709 1526 672 508 815 1463 1211 1707 114 1448 319 938 1041 1951 1856 1200 17 1188 1156 699 658 1531 1297 720 1053 437 1709 914 1854 459 1028 716 903 592 1484 1563 908 1948 1120 1784 1462 505 379 82 945 206 986 1594 1306 1887 299 1562 107 126 322 1975 593 1690 763 23 933 302 939 464 865 601 888 737 303 972 715 610 19 768 1485 1163 276 86 306 1203 1124 1250 535 400 821 167 1235 192 901 698 251 1632 44 48 428 1832 1121 1625 164 861 1372 1714 492 814 1194 924 117 1810 1033 260 1970 53 1803 1938 553 1100 683 979 1662 60 285 172 1213 847 238 31 717 1494 1225 355 1809 647 1980 385 112 614 1355 1212 1731 532 1351 433 1010 388 1295 27 983 1783 480 1789 147 1059 380 506 1984 133 1627 54 985 1801 1659 15 198 1360 1097 536 1885 1978 32 835 1695 1974 666 873 1825 570 1438 739 422 1492 1139 1977 1853 962 325 880 1081 559 641 782 1118 70 1199 363 1743 1127 314 968 1191 1847 1503 1141 1449 446 1779 1143 94 1624 927 158 136 997 1369 1288 330 944 387 1889 1481 1962 1823 895 1706 1084 1862 1959 723 913 1771 283 708 1040 223 1264 1692 1772 233 
minDistance: 2.54082
cost: 246793
capacity: 298738
time: 55537
maxTime: 60000
LS1: 7253/8601
LS2: 833/1348
LS3: 0/0
shakeIters: 487
shakeLoops: 42
