2.03286:479 2.07034:775 2.22258:1012 2.23707:1243 2.30416:3376 2.42382:3699 2.42395:3787 2.46183:7770 
86 1275 1170 1709 1880 1796 1084 614 1025 933 1991 1662 664 223 1528 379 872 1337 714 635 1186 763 59 1432 1360 27 506 459 927 234 136 1551 107 314 1139 625 1925 25 1163 1889 244 302 1273 264 1118 1913 1843 751 1 1156 161 964 1264 954 340 1243 871 1031 689 1049 1502 68 480 175 168 1157 1579 330 1222 1527 365 1181 165 1351 1518 983 173 924 1902 120 1214 238 559 1698 1040 1887 912 764 1418 158 363 1496 471 69 1191 1409 233 1814 530 285 1974 704 711 1890 1263 60 1037 781 914 64 570 1555 1704 792 214 307 192 895 148 176 592 621 938 1143 1196 82 1606 1032 1627 997 1017 708 1975 100 1043 749 512 1141 164 1690 1221 799 1910 1189 1692 1105 1024 984 206 89 1384 1160 1533 1519 1092 1138 1497 1616 1297 170 698 46 1664 390 384 147 1261 774 1588 853 1771 1063 318 1842 1278 1492 618 1195 394 1825 1763 483 1200 412 446 535 951 553 422 1562 251 1503 1938 1033 768 1665 821 748 1770 1853 385 705 1356 1339 1790 716 1401 94 1480 364 1053 756 830 801 847 1347 78 1350 916 172 836 1298 585 1481 1087 1598 762 913 1622 1706 723 1714 1788 1977 1461 437 1888 1976 23 575 1225 622 1826 32 1151 90 908 709 944 953 70 470 261 657 232 1768 1142 1531 1494 17 1251 661 742 1285 1857 1190 647 970 1900 1789 808 890 1803 303 838 31 1448 492 1936 627 1756 1614 1361 357 1783 1952 322 117 903 584 1554 747 1250 276 1074 1978 1959 451 154 1192 1019 1413 1006 1067 1827 410 355 252 835 291 868 669 880 24 1707 1797 1652 1657 1772 1970 658 249 1743 1211 643 208 1050 1823 454 1449 1862 667 1165 143 1295 1316 1625 1464 1893 467 1463 508 486 1834 520 1766 1996 15 205 1958 1306 767 556 699 818 1506 737 198 1745 1120 1679 179 962 1753 1233 1734 778 114 1312 185 337 805 961 1484 1845 1544 218 760 644 1966 717 1459 1061 1144 1882 388 1885 814 283 1624 1424 1095 1849 873 1832 1801 272 1229 1121 525 715 720 1884 522 1369 1879 1028 1203 1327 1965 1453 1802 1951 1386 400 1199 610 674 800 1656 112 1948 754 1711 1240 675 442 1487 464 1586 1235 360 1010 57 985 1125 1819 1854 632 745 1809 1499 787 1436 642 1831 1292 672 1070 1256 1556 1126 488 1779 1540 1695 19 775 887 312 1212 593 1940 189 13 118 1828 54 1784 1215 1500 945 1508 387 1644 886 306 510 572 1561 1217 682 1097 581 254 1079 1081 1806 732 1791 1594 1479 1193 66 457 1680 212 380 1100 1465 1140 167 1623 275 600 126 827 1438 1989 178 1945 1944 670 1939 1102 266 1357 123 1930 1920 211 349 865 1539 41 1219 666 1953 129 1513 1810 1073 968 195 1159 1114 1851 972 1726 1059 958 976 1599 73 
minDistance: 2.46183
cost: 246788
capacity: 298749
time: 7770
maxTime: 60000
LS1: 7947/9351
LS2: 944/1404
LS3: 0/0
shakeIters: 452
shakeLoops: 43
