1.84114:278 1.99122:720 2.07034:1144 2.17909:1494 2.23707:1628 2.25235:6082 2.33463:6311 2.42382:6545 2.44353:6864 2.45008:7007 2.46183:8501 2.46457:12495 2.47359:15072 2.4757:17795 2.49875:33345 2.51307:34723 2.52906:40204 2.54082:41415 
1199 1479 1481 1731 1213 1951 220 373 208 781 480 1203 1704 1010 635 39 1347 214 1853 714 657 1416 530 997 344 319 1991 400 394 1893 387 1970 60 1882 1370 234 593 389 318 1598 1894 164 865 19 337 144 1819 1074 913 182 732 985 1839 973 1506 976 1316 1533 1995 689 621 1084 57 136 1240 172 1508 1141 1143 748 664 68 1043 498 1606 178 1513 762 1369 1540 364 17 422 1418 1935 1745 1920 709 173 610 86 175 871 275 27 1250 360 535 470 1411 968 1118 1781 314 1783 380 983 1664 1799 459 510 1980 1273 764 704 165 223 831 1073 800 1256 413 739 1879 1714 1814 310 961 1842 508 1971 1170 1028 1361 1182 1602 1624 1680 1233 585 647 1662 1070 1189 1214 1464 1726 101 737 1611 1413 1779 1097 396 218 161 662 250 1192 303 1156 1663 357 1996 167 1298 1461 625 1424 853 506 283 464 1459 192 1584 1966 1796 751 1145 322 890 675 1579 1148 1087 682 1031 1200 1105 775 1067 600 483 1679 1297 630 927 747 1312 1114 1834 1625 1193 1275 1913 219 1313 1989 169 984 1885 118 744 606 442 340 556 31 1862 912 841 1527 1144 614 1698 46 670 120 505 1384 1225 1945 193 467 179 1 1494 1743 642 1556 1644 1801 1826 559 1126 328 957 873 1212 1766 212 954 1959 1121 1198 1889 774 1181 233 1772 1551 1592 818 463 1791 1588 412 1944 89 488 596 251 821 828 1351 745 939 1151 363 1519 1357 522 1261 958 763 1285 1854 261 410 93 1006 1125 114 1763 1975 1339 1092 698 579 117 1532 158 1949 1985 1530 716 1306 238 1562 1831 53 991 708 699 1900 1059 185 1453 525 1856 1083 1623 792 25 1356 1449 1178 44 1219 1235 437 1554 1372 1100 90 666 379 1544 211 1845 1463 1401 70 1569 41 778 306 1095 450 1502 73 553 388 126 1690 355 1017 462 1965 742 184 176 1037 824 672 1939 1244 1802 266 909 1163 1952 1120 1278 1032 1033 1790 1851 789 1041 112 1809 827 1296 1770 1803 720 232 254 1797 428 1053 903 272 1222 1734 908 206 302 446 1652 1063 1823 1827 1833 1976 198 572 1139 643 100 658 814 244 581 717 1107 868 836 661 659 434 1142 861 492 964 1531 1499 715 1974 1627 82 592 1081 880 1784 835 667 1848 1190 1964 1333 1350 1024 1692 520 330 260 23 660 312 1127 1409 808 847 1810 1961 451 1191 1695 830 1526 156 66 384 1671 1251 1432 669 1910 1157 914 1485 1438 252 986 1771 1264 1106 1243 1364 813 916 904 1828 433 1040 933 768 291 874 537 385 953 1665 1386 143 1789 1492 1707 1659 349 944 1641 1938 801 565 365 1902 756 1978 48 1050 1857 536 123 1656 705 
minDistance: 2.54082
cost: 246748
capacity: 298776
time: 41415
maxTime: 60000
LS1: 7567/8771
LS2: 683/1204
LS3: 0/0
shakeIters: 503
shakeLoops: 48
