8.1:90 8.2:136 8.3:418 
329 477 38 373 322 421 92 422 457 79 334 278 283 106 407 104 31 465 268 414 381 389 280 320 272 39 296 95 153 173 156 450 98 335 485 129 435 109 158 448 7 358 66 161 232 187 423 197 279 35 330 5 113 34 245 205 247 194 354 193 204 403 103 189 331 482 288 213 326 110 378 216 23 50 303 443 411 80 489 130 4 388 412 394 94 111 13 301 76 133 208 128 93 37 122 352 202 137 210 251 338 90 88 249 441 497 297 142 468 390 337 377 85 419 445 100 
minDistance: 8.3
cost: 90022
capacity: 75566
time: 418
maxTime: 60000
LS1: 140900/147087
LS2: 2100/6187
LS3: 0/0
shakeIters: 4077
shakeLoops: 404
