7.9:24 8.1:83 8.2:239 8.3:594 8.4:11553 
331 301 280 245 423 485 104 93 119 94 208 103 343 79 381 153 35 330 137 297 95 213 90 125 110 85 247 497 441 115 335 7 296 133 142 210 307 385 62 205 443 288 160 370 464 156 272 489 161 377 376 445 329 31 435 349 5 4 141 80 202 130 448 337 390 92 278 249 477 268 193 283 23 100 352 326 450 187 244 194 373 389 299 354 122 394 311 403 66 419 150 491 109 251 468 414 39 320 13 34 412 457 422 106 8 216 88 232 78 128 38 421 71 111 
minDistance: 8.4
cost: 91742
capacity: 75572
time: 11553
maxTime: 60000
LS1: 131536/137736
LS2: 2366/6200
LS3: 0/0
shakeIters: 3817
shakeLoops: 378
