8:54 8.1:137 8.2:236 8.3:591 
335 283 354 352 412 343 137 358 13 104 280 388 201 51 370 197 5 294 115 485 292 210 193 205 381 156 288 128 7 338 329 308 497 256 106 251 111 443 231 187 299 337 105 421 445 249 35 38 23 377 122 459 448 100 90 103 141 50 93 76 373 133 161 88 297 12 109 450 301 296 320 79 85 378 213 139 326 17 394 272 160 232 190 268 253 57 403 330 208 435 383 4 194 359 66 444 31 142 92 39 389 457 267 491 34 235 247 130 303 113 411 216 21 202 278 
minDistance: 8.3
cost: 92435
capacity: 75607
time: 591
maxTime: 60000
LS1: 153787/160336
LS2: 1972/6549
LS3: 0/0
shakeIters: 4563
shakeLoops: 452
