8:64 8.2:159 8.3:796 
38 71 245 202 244 376 448 161 477 90 95 111 78 249 103 414 7 115 441 156 79 307 497 13 389 491 109 278 352 373 326 403 23 468 3 193 88 247 80 296 385 299 435 122 106 358 187 130 280 31 251 100 160 381 232 412 343 39 422 94 443 4 337 320 272 423 421 5 377 322 153 110 303 137 194 62 464 288 85 92 349 426 394 450 158 139 150 93 216 35 213 329 297 128 133 253 66 354 330 268 164 210 104 205 21 141 34 335 460 142 457 301 208 
minDistance: 8.3
cost: 93605
capacity: 75587
time: 796
maxTime: 60000
LS1: 141600/148165
LS2: 2530/6565
LS3: 0/0
shakeIters: 4021
shakeLoops: 399
