8.1:122 8.2:186 8.3:280 
161 376 31 122 313 443 7 104 210 202 326 62 247 309 349 310 381 457 456 109 423 205 187 137 297 142 422 251 373 14 158 337 246 21 299 489 387 477 352 133 98 66 23 253 414 193 407 249 244 448 35 288 128 189 303 421 132 335 156 301 272 103 320 392 88 465 153 111 358 38 280 389 435 441 307 78 213 377 5 216 39 468 208 394 268 110 475 296 370 279 81 450 403 150 480 245 8 34 94 76 80 13 418 106 412 445 130 100 164 37 485 93 232 278 85 
minDistance: 8.3
cost: 93511
capacity: 75738
time: 280
maxTime: 60000
LS1: 161807/169511
LS2: 2808/7704
LS3: 0/0
shakeIters: 4886
shakeLoops: 488
