8:76 8.1:156 8.2:292 8.3:2623 
412 320 443 477 35 158 245 34 213 187 120 244 111 486 93 296 394 23 80 110 170 208 85 403 13 278 7 269 39 419 232 326 373 150 79 307 153 423 280 352 133 193 216 265 66 103 445 310 297 293 478 468 106 14 311 141 303 194 62 202 358 446 45 335 435 405 489 115 214 480 457 450 231 38 299 9 331 448 349 78 205 128 238 441 130 420 389 261 377 104 137 98 376 247 410 309 28 210 122 279 94 88 31 497 249 322 76 109 422 288 381 161 337 301 
minDistance: 8.3
cost: 93881
capacity: 75617
time: 2623
maxTime: 60000
LS1: 161740/169108
LS2: 2500/7368
LS3: 0/0
shakeIters: 4850
shakeLoops: 482
