8:39 8.1:239 8.2:398 8.3:899 
193 338 352 441 128 497 343 279 337 443 381 38 106 492 292 205 421 115 288 448 403 5 326 133 280 39 190 256 330 232 251 435 23 394 202 457 161 249 104 389 383 93 216 301 109 491 450 76 62 187 35 85 158 173 272 331 460 164 297 103 208 377 445 66 17 349 100 213 122 247 79 329 422 13 358 495 130 267 320 31 137 459 139 88 322 51 7 303 412 244 296 268 194 210 335 390 485 142 278 354 156 34 90 373 111 92 359 4 141 12 253 231 294 307 
minDistance: 8.3
cost: 93729
capacity: 75630
time: 899
maxTime: 60000
LS1: 152626/159260
LS2: 1987/6634
LS3: 0/0
shakeIters: 4634
shakeLoops: 460
