7.9:52 8.1:83 8.2:125 8.3:583 
390 441 370 457 468 202 345 381 66 352 193 443 313 94 296 197 173 484 106 213 394 208 80 152 268 31 249 88 475 418 39 331 34 4 450 435 245 489 109 473 216 387 89 35 93 414 98 349 423 278 485 389 76 65 307 301 377 111 60 161 326 153 244 23 110 422 251 115 421 456 279 158 132 403 227 373 445 49 195 272 334 183 265 477 142 411 448 310 128 137 205 288 85 156 141 303 100 337 232 187 280 122 253 81 38 338 7 234 130 412 410 133 13 354 299 
minDistance: 8.3
cost: 93021
capacity: 75627
time: 583
maxTime: 60000
LS1: 141761/148127
LS2: 2149/6366
LS3: 0/0
shakeIters: 4208
shakeLoops: 419
