8.1:87 8.2:200 8.3:649 
334 232 491 109 272 352 330 8 79 294 283 122 316 297 337 133 110 139 39 92 85 100 268 267 441 103 7 193 208 488 329 343 130 495 150 256 161 158 251 142 51 303 247 205 35 62 93 176 389 141 76 115 231 459 349 373 66 450 216 301 23 359 128 245 17 448 435 202 331 280 213 288 111 119 394 4 137 403 422 457 311 320 34 244 307 88 78 279 249 421 489 377 13 181 194 106 31 187 390 156 310 315 443 335 354 296 104 381 210 278 485 497 412 5 
minDistance: 8.3
cost: 94133
capacity: 75708
time: 649
maxTime: 60000
LS1: 139789/146607
LS2: 2577/6818
LS3: 0/0
shakeIters: 4230
shakeLoops: 420
