8:133 8.1:231 8.2:438 8.3:891 
127 194 197 122 251 411 76 499 79 338 381 111 412 38 161 403 223 142 158 85 109 370 199 216 183 390 265 310 115 141 335 156 80 422 297 210 489 60 416 129 497 298 61 296 303 104 94 288 301 100 208 441 93 92 187 249 71 98 457 130 378 202 34 377 331 450 13 119 485 137 159 443 66 179 352 280 232 39 389 62 103 394 205 283 128 272 334 133 383 392 477 349 7 231 88 139 14 99 421 193 329 358 31 435 374 309 89 105 256 326 106 468 
minDistance: 8.3
cost: 91907
capacity: 75563
time: 891
maxTime: 60000
LS1: 159309/165970
LS2: 1609/6661
LS3: 0/0
shakeIters: 5038
shakeLoops: 500
