8:108 8.1:185 8.2:249 8.3:711 
403 497 331 448 130 66 98 443 158 13 93 411 422 71 335 412 261 390 373 231 309 232 280 80 122 76 201 14 103 272 288 193 109 161 187 320 495 213 105 457 137 349 197 12 244 267 445 247 326 119 377 303 358 139 389 34 278 251 383 88 7 194 51 338 202 79 210 23 392 381 322 160 115 352 156 74 208 449 142 297 35 329 104 205 485 337 235 94 31 133 141 376 307 301 296 92 249 468 268 39 256 85 310 394 38 283 106 100 414 5 233 435 190 
minDistance: 8.3
cost: 92126
capacity: 75572
time: 711
maxTime: 60000
LS1: 136782/142975
LS2: 1830/6193
LS3: 0/0
shakeIters: 4351
shakeLoops: 431
