0.97674:101 1.14376:202 1.82743:691 1.87031:1001 1.94099:1354 1.99836:2342 2.03489:3342 2.05611:3860 2.07782:4020 2.09594:4650 2.14262:5305 2.15482:5665 2.17158:55916 
1043 142 938 789 62 1791 1105 1118 604 873 362 199 1243 1618 846 1295 1847 1884 1102 699 172 985 499 520 1252 692 1373 1730 1500 888 1369 1452 1251 1273 774 596 283 290 976 78 1968 1544 1045 1142 1 1935 1959 757 874 1784 1470 340 327 1432 984 310 1794 961 1156 1280 1114 780 1826 330 526 492 488 125 1103 1783 238 614 1806 1479 1525 1771 100 108 686 168 1230 394 1565 1438 1050 1848 860 1199 402 183 579 179 1126 1661 1298 853 254 1388 82 775 927 1810 1028 363 715 642 1494 355 377 223 1378 1913 1939 1663 1623 1619 428 459 219 897 1340 206 1240 801 1087 1496 1712 1170 1598 1296 210 831 600 1355 1680 1751 643 322 477 1822 1966 688 229 764 126 1797 756 1696 833 1186 1409 1789 790 613 708 1380 556 1106 1006 1616 815 1350 1461 95 446 808 1978 1108 1413 1851 1312 114 657 710 86 868 1652 986 1250 1100 979 929 434 416 1921 1964 1662 1842 1709 738 1067 682 422 169 1545 1603 1551 54 13 841 352 1283 304 68 1484 1734 1144 1306 1532 1961 566 818 1352 1190 813 1600 251 118 1480 413 865 192 667 661 1017 1814 773 1153 1952 212 1059 1523 584 1585 673 276 1337 401 1813 164 1435 535 572 644 647 737 70 277 1256 464 1453 1024 903 1464 193 944 1902 1297 621 1846 705 745 1181 709 1233 36 1300 1824 400 498 1862 1801 1552 723 1743 508 1518 1889 1917 637 1449 1763 622 914 308 1922 1693 31 955 89 1844 714 1540 431 1691 136 269 10 1039 506 462 766 7 221 641 908 964 512 307 659 15 285 1063 214 328 1084 1151 1154 1527 1548 786 1485 267 1053 1885 1513 1888 1684 1303 755 821 670 1625 1925 1085 198 1081 436 1624 197 1557 607 1641 1819 261 593 760 1278 658 1962 259 333 1834 1448 1996 1768 1894 1681 1526 754 726 778 1627 1086 145 1092 1731 1120 1401 222 1386 1795 851 721 299 1887 1653 220 609 1745 470 1143 314 1533 231 893 1980 1732 343 901 1704 795 748 825 312 858 1049 14 522 1944 1244 1462 933 303 59 823 1032 1339 829 1726 619 1487 23 998 147 1465 1975 1992 1357 650 940 185 1971 1073 1608 46 1660 1796 1937 625 742 415 1611 203 997 820 1034 1706 493 534 793 1191 173 1790 1594 1463 1733 1152 1584 835 666 130 1531 945 298 134 410 1563 791 1926 681 1664 1676 306 916 1211 127 1910 1879 158 1904 540 93 467 1263 1808 886 844 1226 165 155 669 623 1562 1900 234 1988 1517 1095 635 585 894 1556 233 181 704 776 412 1225 553 1166 138 218 744 1587 1014 590 606 968 732 39 364 812 1351 1030 1665 1591 1061 632 1375 1727 953 1031 246 768 487 113 1606 912 1324 675 1857 272 1219 388 1210 1345 1121 1091 380 1828 373 1316 
minDistance: 2.17158
cost: 246784
capacity: 298812
time: 55916
maxTime: 60000
LS1: 5952/7272
LS2: 787/1320
LS3: 0/0
shakeIters: 520
shakeLoops: 49
