1.81145:481 1.86524:704 1.98031:888 1.99836:976 2.07782:5120 2.09594:5248 2.14262:5407 2.14644:6106 2.15482:13131 
1053 1190 841 1298 1479 103 1806 1801 1978 1771 844 126 401 1154 642 609 1465 821 1938 15 118 933 1576 1126 1108 585 619 865 666 219 1337 259 745 363 1844 520 818 1253 1369 394 1240 1453 307 649 897 1273 277 1882 173 1959 1921 1282 499 1351 1118 1627 786 312 1063 695 404 155 1545 130 1635 639 688 1944 1233 590 467 1788 446 1902 359 1779 662 1091 1794 7 556 1652 1584 903 472 714 820 1385 860 234 1413 1121 724 747 90 916 1783 737 1952 1935 138 1500 318 1645 1842 856 637 1103 1548 1557 327 689 515 314 1743 670 1166 1795 1031 276 192 251 1598 451 623 59 808 165 1184 193 1145 1292 1879 1747 1073 340 428 147 541 450 1279 1100 238 1527 1693 1006 709 395 572 14 1544 1340 1256 68 228 729 715 1862 1641 241 420 1621 787 1359 762 1165 510 82 431 206 1250 748 1822 789 1887 1618 388 188 1438 754 1526 364 880 614 1043 1854 1639 438 1591 464 522 710 229 31 1219 846 93 214 790 1900 1619 1784 1789 1551 774 1163 1977 764 1579 1865 537 1996 1106 584 1142 261 551 73 553 1297 164 492 46 142 1893 1076 624 768 1662 823 1156 1917 757 675 778 1278 169 1102 1461 1462 673 415 220 1375 1199 223 862 851 596 1327 1191 1766 39 495 807 1189 1350 1846 871 1552 247 873 647 1660 1399 1418 434 687 838 1502 1540 1014 1980 984 1726 663 1665 100 1961 1966 1797 1889 1736 835 1704 1487 908 711 1905 299 1086 1087 961 114 1834 1243 625 145 1546 357 183 86 535 198 1513 1226 1251 1691 723 1193 102 939 1819 1874 410 1120 459 1814 1684 1517 643 587 635 1225 657 998 1492 136 592 1464 1192 1828 1244 237 1941 1992 659 143 1644 290 32 498 1913 1170 1949 306 254 1186 1200 738 963 965 953 1283 1588 168 744 304 705 968 751 976 1433 667 1494 1448 210 70 172 982 1146 1608 1973 1435 1357 1712 125 661 912 470 1198 620 773 480 257 355 692 1153 940 1084 1696 1920 1731 1 593 1965 801 1824 1623 792 1971 1485 756 13 1235 1373 1432 1615 212 1069 1151 1805 867 760 285 120 1495 1611 641 793 89 833 1280 1144 1429 1157 275 1754 373 181 680 1698 1181 704 927 9 888 1625 1345 795 1300 1813 49 1067 1409 1922 1380 310 1139 1750 283 654 412 829 1303 131 853 1059 1680 669 1975 51 1477 308 185 1092 681 1683 1600 506 54 1525 1352 1211 1463 986 330 868 1017 1105 1706 1312 23 1885 1790 1603 1606 686 1097 1316 133 1563 545 1633 179 682 732 1556 19 1143 380 1050 1515 901 1831 1786 368 231 1894 775 1562 328 303 1252 1205 610 699 1032 1339 1114 1594 1081 233 78 1764 1023 1910 1957 222 416 1826 1768 1045 132 1587 1616 269 766 1796 964 1798 1028 1676 600 24 
minDistance: 2.15482
cost: 246785
capacity: 298748
time: 13131
maxTime: 60000
LS1: 6100/7340
LS2: 696/1240
LS3: 0/0
shakeIters: 535
shakeLoops: 52
