1.14376:105 1.93543:865 1.94099:1043 1.99836:1416 2.05354:2263 2.05611:2428 2.07782:2601 2.09594:4206 2.12306:7274 2.14399:7533 2.14644:7617 2.15482:13506 2.17158:28533 2.2161:34981 2.21882:38196 
1225 192 1829 1198 732 126 667 1660 181 1712 997 756 1625 833 984 1508 1937 169 1295 1515 439 1386 1463 377 1081 1791 306 1357 1199 1794 1709 1014 998 1894 513 687 1214 248 1734 1373 1538 1847 613 220 145 238 873 1306 897 725 1397 1479 681 100 673 1832 1114 835 1220 136 314 1484 1471 986 16 1846 619 198 1263 609 520 710 851 125 1031 70 1369 1790 1893 774 1786 1087 1966 1043 1691 400 1191 31 1731 1325 364 1067 988 90 357 487 1862 118 1464 574 1975 223 910 1828 846 330 1453 1480 979 1754 472 663 1190 1888 379 572 1546 1274 434 1091 1765 1196 1300 1284 470 1492 1298 1736 715 584 416 1032 1904 1768 1154 807 1745 1381 549 101 659 1584 1970 913 1925 1726 1017 1593 1697 1108 1500 773 1795 1844 508 91 1102 670 1562 1478 553 1251 1621 699 1210 641 1996 778 1005 1449 610 1086 1413 1652 1819 1273 219 1882 579 39 229 1143 1159 234 1438 1513 1857 790 1959 1050 625 1902 368 233 789 844 1174 1485 222 1462 1051 498 1517 775 1156 1106 251 1545 805 593 642 1540 1842 328 534 1733 1421 1355 1608 231 868 600 1229 1423 1409 1461 766 1505 1350 1984 285 1448 1957 1814 964 1889 886 12 254 585 847 438 1662 512 1992 888 1910 650 972 903 961 362 394 898 1550 59 292 210 912 95 1911 1226 1627 1181 89 1105 1255 914 1151 1183 203 410 764 953 1619 661 93 1194 1095 23 704 155 342 46 241 1633 1256 212 114 1641 208 786 1316 1283 1706 380 1611 1796 1118 871 1978 1193 1401 1732 522 1801 495 17 1203 338 88 880 755 1236 1935 259 526 717 1788 163 818 137 1211 1887 1084 1533 692 1696 821 1615 705 1665 245 1639 183 1579 1525 1948 1725 856 1544 1598 14 1603 1922 263 535 1063 1375 1432 525 1228 1121 662 1965 780 933 1826 1600 830 1606 1542 1764 1917 1944 1260 695 1797 1092 193 308 1126 506 127 688 94 73 1879 1244 1913 1680 1690 801 1345 841 206 675 1695 1337 1278 1082 15 1824 480 762 1813 1280 682 938 1605 1007 556 214 1232 51 711 1167 1810 464 1487 760 459 874 1618 1591 1250 649 1659 412 657 768 261 82 1085 283 515 1980 179 446 1848 1170 1952 590 1053 1219 68 1779 41 1 304 1851 1885 754 787 168 865 1292 1240 624 1936 62 165 355 138 1526 795 340 246 1399 130 483 1693 1834 808 1676 1557 467 1874 133 927 388 1900 566 1743 172 164 167 1006 1339 86 1059 666 1073 860 757 1384 1235 1955 669 643 1340 276 1588 1865 303 1527 1142 944 1531 1166 1594 965 260 1623 1433 614 1783 1243 1303 723 1475 218 147 745 1809 596 836 537 1186 1971 901 737 1556 893 1103 469 1751 36 1921 492 637 431 307 54 748 853 1822 1784 1065 316 714 976 1200 1635 820 13 1563 647 
minDistance: 2.21882
cost: 246796
capacity: 298741
time: 38196
maxTime: 60000
LS1: 6811/8044
LS2: 703/1233
LS3: 0/0
shakeIters: 515
shakeLoops: 48
