0.97674:133 1.14376:221 1.94099:1435 1.98031:1693 1.99836:2005 2.03489:2265 2.07782:3411 2.09594:3638 2.12306:4047 2.14262:4321 2.14399:4518 2.14644:7005 2.15482:8495 
835 992 1641 1501 791 1275 659 1926 1984 1562 903 1958 885 644 1579 916 1894 1660 377 299 964 1964 401 1731 831 1598 657 1273 675 1784 103 1935 246 373 522 283 1043 488 979 705 165 1228 1733 621 342 380 858 1340 1413 929 1736 1411 1073 933 874 600 572 1771 1045 997 1606 1623 535 446 1962 669 960 1540 15 1948 768 624 261 1844 1114 314 308 846 1113 1433 259 913 1684 410 1879 635 766 126 515 1263 1345 203 1813 222 307 506 1477 853 681 1532 306 1500 183 285 1226 467 277 1768 1105 1205 756 319 1 1819 789 673 821 59 1337 1081 812 318 424 1834 1174 1479 1421 1966 136 68 1851 854 1961 1153 1143 1435 1136 1338 1697 1364 1621 1726 1253 1220 976 1721 125 1662 1091 1039 1502 776 775 1047 711 1586 619 1965 1633 723 520 1126 886 1747 340 1665 498 666 880 1306 206 1978 1190 952 155 610 1244 362 1118 1921 856 247 590 431 1448 1166 46 1616 1900 692 1745 434 327 17 888 1386 219 78 1913 1212 232 732 1696 786 389 1826 1930 499 622 357 1951 910 355 871 901 1971 1846 632 147 1049 764 436 1783 641 1996 333 773 1298 942 148 1399 882 179 1887 82 469 1154 940 1605 368 833 1233 526 1084 1464 86 409 892 164 133 1462 1832 70 1889 1480 1659 1014 927 687 172 754 778 593 1256 192 670 67 1102 312 914 118 762 1698 1904 304 1797 865 780 1108 212 1384 503 643 198 1944 1203 1354 101 1824 663 89 912 1470 1339 965 220 251 1465 1100 1380 1355 233 686 1232 1790 649 1268 1463 1808 231 1706 795 1584 1905 1357 1378 556 614 167 1618 1917 1225 48 303 1563 328 1170 757 487 1193 1432 1488 699 24 81 642 1183 897 1652 579 987 1250 717 1471 1461 102 1350 695 1712 688 1796 464 255 480 1006 1418 1087 808 1300 553 1594 1635 1625 667 1751 36 1409 1388 1515 1691 1788 710 14 1743 1280 510 1862 1941 238 1067 1295 1492 1156 1842 1505 873 1211 492 465 1373 774 748 609 1252 1191 801 661 1120 1059 1277 292 525 1278 1865 138 894 1199 1693 1317 1210 1053 647 714 210 1667 1732 1401 1513 1531 364 168 459 130 587 1219 1181 94 709 1591 953 1822 986 1487 1453 223 822 181 90 1546 1669 1828 755 1798 218 1975 214 787 193 1095 836 145 1619 1611 868 790 567 114 1980 1142 1347 1316 330 169 1032 1369 1017 1192 721 585 715 1888 1200 704 254 1138 1438 1680 276 1031 51 745 1557 1508 1485 1959 1366 1885 1754 847 841 411 1624 682 1663 988 851 1707 433 625 1139 1494 39 1423 438 1086 390 1092 1283 637 1730 984 1814 1151 100 737 379 1527 412 1937 395 95 1186 1106 1526 31 1372 388 660 23 838 1999 1806 1556 1063 1775 1764 1925 961 19 1243 1175 234 1517 1544 1240 944 584 1229 1682 1902 93 860 1198 
minDistance: 2.15482
cost: 246727
capacity: 298767
time: 8495
maxTime: 60000
LS1: 5908/7268
LS2: 837/1360
LS3: 0/0
shakeIters: 510
shakeLoops: 48
