0.97674:102 1.14376:192 1.94099:1780 1.98244:1931 1.99836:4598 2.05611:4698 2.07782:4876 2.09594:6206 2.12306:7788 2.14644:11048 2.15482:11257 
199 600 1195 438 1961 699 1121 81 1240 1081 506 59 238 1191 619 1992 231 93 1210 23 1865 1797 833 682 1007 732 868 789 1513 943 1625 903 95 551 567 410 1789 1106 916 1006 1084 1925 1526 54 1904 1211 1608 625 220 471 1814 709 847 198 522 1496 675 1250 670 314 1157 1670 1611 1528 1316 942 860 499 304 886 1569 759 1618 897 1941 756 1297 459 944 277 681 818 1806 416 1525 657 1225 472 1544 1453 1707 406 1557 1531 276 1582 1532 1662 1975 1862 1709 585 357 46 1842 1988 1103 1196 978 927 1731 1350 1828 1606 1726 1910 705 715 1644 820 1822 610 138 835 874 1604 575 695 1487 355 1345 604 1449 1810 1696 1280 637 790 1059 1181 1306 234 1409 413 574 1275 214 1067 1712 1887 1200 979 1186 1591 912 1971 1879 1435 1433 218 1889 774 290 1461 649 1635 1300 1978 261 330 1073 821 126 865 1846 1768 1278 1783 643 590 1448 1378 1032 1203 327 288 1230 661 1413 1893 193 1045 1935 692 512 212 1340 1190 64 1355 189 998 1432 1325 914 838 808 1926 976 668 1164 1965 1790 67 1579 434 287 1834 1462 1043 535 520 415 1095 1917 1087 1283 130 247 246 114 401 1076 593 308 723 192 1463 760 786 940 1676 1480 31 892 68 761 1133 1143 206 795 909 70 1166 1339 1733 1047 1545 1479 873 1921 1944 747 1540 1100 1562 333 961 1680 487 933 306 596 100 1502 1615 173 168 1784 607 700 1399 1159 102 1980 813 1384 183 1126 1802 1118 704 165 428 807 1527 647 1014 1079 1663 136 1603 1429 1485 766 1698 725 303 312 975 1017 1053 1381 1960 1913 710 1125 960 1616 73 1193 208 307 1244 621 841 1736 1691 642 1465 1418 1824 221 757 155 464 462 1105 1556 1131 1743 340 964 1151 1295 1327 1170 492 422 919 1136 259 1563 851 379 1282 364 1740 1154 714 283 778 1801 828 572 181 1063 27 1538 556 579 133 1796 1198 51 641 1031 737 1633 377 324 1199 755 1298 94 609 1373 309 1594 1661 846 1794 1102 824 1219 1292 164 1795 455 913 1779 263 1902 1885 89 984 1337 869 373 97 222 172 673 1832 1375 822 1495 606 1844 446 1114 481 1894 1142 436 1050 1508 1734 687 1652 534 1382 39 113 801 1900 871 662 299 1977 1303 1684 431 854 844 495 1619 1092 1952 1296 13 1183 1552 614 888 823 90 1464 901 36 82 467 1108 412 1235 1256 1533 658 388 9 1771 666 118 744 1273 1732 1226 1996 169 635 1751 1074 721 1754 285 233 1966 179 470 1706 1086 1936 241 1357 125 251 1243 1598 147 1826 1959 328 768 688 1438 1955 1938 793 7 882 210 1813 223 764 1641 15 1192 205 663 545 815 775 659 1964 1 1156 380 86 1215 965 745 1401 292 1386 1970 1049 1369 394 170 1584 19 953 1665 938 667 219 856 254 131 1660 783 
minDistance: 2.15482
cost: 246584
capacity: 298789
time: 11257
maxTime: 60000
LS1: 7143/8426
LS2: 760/1283
LS3: 0/0
shakeIters: 512
shakeLoops: 48
