1.53146:211 1.57393:438 1.82743:797 1.98031:1568 1.99836:1835 2.03489:2135 2.07782:2396 2.09594:4390 2.12306:4788 2.14399:5008 2.14644:5576 2.15482:10490 
751 184 1808 666 1544 1784 436 686 1316 1887 451 1832 131 1508 1369 835 138 817 229 82 1190 1061 1487 1252 1298 705 1292 1273 979 340 1783 1167 780 1975 1917 432 1108 1087 299 487 259 1456 1557 1243 1397 1977 222 155 1253 1020 1418 1961 1768 1844 910 1199 134 756 1781 219 254 1192 1690 1126 307 136 675 717 283 1347 1453 1624 223 303 183 1684 169 198 1738 1662 1183 1463 1240 1664 130 778 579 1615 1459 1731 1893 1144 51 306 709 1515 818 604 1966 1584 1256 1971 416 624 1545 17 220 1401 58 1706 1865 1200 233 1693 635 846 1120 1605 901 903 1043 661 1475 1032 1312 165 964 1198 1233 1170 1435 1900 614 961 1948 1801 1386 48 379 795 100 1100 1819 1306 1181 126 886 732 238 1532 36 1224 1676 682 761 1551 1225 1888 31 1623 860 737 551 764 927 1757 1513 442 1771 288 1438 600 733 93 1143 657 1930 1317 46 1813 606 585 1320 73 836 1829 841 669 609 1114 853 1822 1790 1680 276 670 28 464 1531 1113 805 1959 880 506 338 566 1121 1563 434 1432 1980 1889 1996 1579 984 1616 1552 1824 212 637 1068 766 62 1952 1076 787 241 525 304 1879 596 1665 1621 310 1944 1151 402 1295 1591 1141 812 1156 328 394 760 1413 1157 1095 125 621 1691 1518 1191 708 1860 1203 1627 257 206 1073 245 355 537 234 1734 456 1652 1235 1017 745 649 1834 663 1598 681 1260 871 862 1793 1001 1041 70 1142 368 1065 1910 498 1635 647 723 1006 1885 246 1922 1935 748 124 1492 801 15 1611 102 1258 428 912 231 431 1350 210 1788 813 710 1031 314 1175 251 9 1937 23 535 327 1485 673 643 1795 524 203 32 1480 401 1702 1964 1733 1193 1500 714 534 285 1874 775 587 659 480 1851 1023 13 1219 1842 1 39 916 1525 373 114 1166 1059 1461 1103 873 757 1303 522 1634 1940 493 1154 1905 1857 1913 868 348 1337 214 1796 1464 420 549 1282 1958 168 1490 529 1086 774 86 688 1049 1502 1751 1764 1092 68 821 833 704 1479 272 1283 572 1105 412 1580 1527 1102 1465 976 1730 1478 933 1477 1562 642 1373 90 1828 1250 888 1523 953 619 553 786 1846 1660 1280 754 897 1067 1300 1791 1794 1619 1278 954 148 1661 689 1773 181 446 865 1659 1743 438 1696 1862 870 789 508 312 7 1352 1345 1938 580 1608 715 1978 1297 481 1826 467 770 1244 1025 1827 1814 1712 1726 472 699 59 192 89 1872 1000 380 1533 667 1789 193 1211 470 1053 492 1779 844 410 593 1014 1538 1186 1210 1625 815 388 874 1984 641 773 308 1153 584 118 1707 1097 520 1106 1462 1902 1449 1594 1384 908 459 738 755 205 986 1556 556 179 1118 164 939 1810 1357 998 1063 1709 261 1409 1921 364 1554 1468 14 95 147 1745 997 1606 1797 1526 1084 
minDistance: 2.15482
cost: 246679
capacity: 298747
time: 10490
maxTime: 60000
LS1: 6136/7487
LS2: 821/1351
LS3: 0/0
shakeIters: 518
shakeLoops: 49
