1.14376:104 1.32064:238 1.82743:760 1.98244:1015 1.99836:1811 2.03489:2839 2.05611:3214 2.07782:3919 2.09421:6126 2.09594:6266 2.12306:6628 2.14399:6965 2.14644:7325 2.15482:11603 2.17158:36507 2.2161:43201 2.21882:47877 
142 1084 1846 614 1453 1513 940 681 622 1665 1594 1949 786 1948 1515 789 808 467 912 80 233 355 1662 1661 446 306 710 1538 1743 492 1240 342 1023 1887 1053 1296 1340 434 1526 1764 130 675 1588 292 721 1808 609 778 1544 247 1988 985 1552 1303 307 1795 835 290 164 762 742 245 964 288 147 1657 1996 1615 787 1316 844 901 1902 1809 1791 590 979 1211 1621 1347 732 1797 812 1153 131 913 1154 1978 435 695 1252 774 136 1606 1230 1345 846 394 520 624 285 1210 168 1143 13 669 1413 1337 1790 1698 1014 764 553 480 756 829 1375 984 415 1275 1810 600 254 1081 813 1563 1369 1900 246 1076 1706 212 68 1006 59 1235 1517 1479 1435 493 745 1999 1432 1542 340 709 416 1113 1733 203 114 1754 1684 1386 219 1102 1680 248 1212 95 723 768 1162 525 15 1017 1409 927 1000 1591 574 388 17 269 100 572 585 1829 1225 283 1421 73 1879 1464 1151 1298 1814 644 1980 303 1660 1170 625 1786 78 748 524 1627 1192 545 997 699 150 183 1822 165 775 1574 663 790 1095 1973 1047 1350 401 853 1712 1865 1257 1556 708 686 1961 210 48 1243 436 841 1885 556 991 155 596 89 825 46 1693 90 1367 739 661 1276 704 823 976 933 1448 792 755 1619 1779 838 1092 1952 659 1959 836 198 1832 1623 86 649 1121 1401 1106 1190 1220 642 635 499 1531 1086 1485 705 1824 251 1844 222 579 9 1992 1966 36 1913 744 428 1260 14 953 780 1935 577 272 1449 673 1925 231 1963 1845 946 986 1108 535 1851 193 1731 1608 118 1794 1922 1508 1584 1373 1920 1527 214 1768 263 377 761 897 1067 82 1063 1295 667 522 1545 1801 1975 470 379 868 314 412 1087 1181 821 865 390 169 1280 244 597 806 1847 261 299 172 1633 1971 1616 1250 1232 795 619 737 1826 670 491 327 1941 259 1944 1043 1500 1652 1198 1244 643 1273 205 1888 1494 220 234 1984 1381 799 1226 1874 1061 1278 66 1007 641 410 308 711 1126 1142 847 1191 1625 373 945 1251 714 23 1690 134 873 1270 364 593 1745 1114 903 1219 874 888 584 380 1461 506 1297 815 328 1031 1199 651 1926 1611 238 871 1813 1492 126 464 1283 1691 1955 916 1465 330 1533 1490 199 1073 637 1487 1384 93 276 158 606 39 1894 357 1200 1357 715 1910 1462 757 19 70 1585 1300 1059 1930 1641 431 1049 1256 179 834 1904 754 459 1477 1726 1834 657 1977 138 1438 1433 1848 1783 1075 537 968 1771 1525 515 1796 607 801 1645 206 102 58 31 1579 1540 1784 647 223 1842 1120 1828 1819 851 498 218 241 125 666 271 326 1951 1118 1502 961 1889 860 1105 1598 1635 1186 1032 192 1339 94 448 1447 1709 304 1203 1229 998 
minDistance: 2.21882
cost: 246794
capacity: 298759
time: 47877
maxTime: 60000
LS1: 6406/7672
LS2: 715/1266
LS3: 0/0
shakeIters: 534
shakeLoops: 49
