0.97674:101 1.14376:202 1.53146:375 1.82743:701 1.8295:959 2.01426:1350 2.01511:1724 2.05611:2222 2.07782:3684 2.14644:6253 2.15482:13830 2.17158:33255 
1894 147 1944 1618 1203 1566 93 709 1480 1533 1298 614 1205 495 394 868 368 231 1822 1926 1652 600 1544 1210 1513 695 1870 1007 912 1796 755 1952 285 304 737 1542 913 412 126 984 756 579 1059 1902 801 661 1356 1432 846 352 1157 1844 1992 1243 1278 1594 234 1635 415 1814 1108 851 526 1706 91 525 1790 681 1716 1563 1996 1465 593 853 641 621 715 192 643 1624 1369 1200 662 748 15 76 1798 1464 882 933 844 1920 841 172 1709 68 961 1105 136 1076 647 1306 1191 1381 467 133 95 795 791 492 1043 1975 1905 1300 138 1921 1623 223 1292 46 327 780 1413 1039 401 1764 446 1889 1846 206 821 808 400 1084 1295 413 764 704 761 1263 1240 1092 169 757 1608 1235 1198 1102 1971 870 760 642 90 1606 1882 1809 1698 1380 36 73 1220 219 254 1339 1103 480 940 1166 944 299 1502 283 78 1031 487 1032 1017 869 125 1696 1053 1069 723 1980 1662 431 103 89 434 1357 508 745 666 338 619 1488 7 637 39 1303 164 1771 1888 1114 778 1665 364 892 1842 1913 1527 1691 1186 1448 70 1411 158 100 903 210 886 585 81 1492 897 101 1477 1779 303 1591 212 1505 833 1067 118 1283 143 388 786 54 1120 373 537 1487 604 1579 1 355 470 1910 1041 411 1625 618 237 1118 729 464 306 1801 1571 1819 1525 1848 1904 567 214 1055 1653 663 1768 705 1144 1939 1142 860 1810 686 857 1726 1192 717 1731 1732 498 1317 1937 1508 516 1479 1484 433 1964 1236 1006 965 584 379 998 1121 410 506 220 1421 1540 522 86 1361 874 1930 635 865 1714 428 1660 340 326 1184 520 1866 1181 259 193 1999 1826 959 233 657 688 1951 1834 1743 1211 766 609 251 246 1532 610 1296 1225 432 1616 888 555 775 669 1154 493 424 222 710 1478 1526 82 1409 572 1917 1151 328 754 721 1585 1081 1556 1562 1438 1528 592 873 1538 1045 1219 1500 813 711 1049 1619 1260 916 942 945 1627 238 218 1805 1273 1517 1250 165 1146 1106 1316 835 1086 1966 1037 680 1063 1734 964 19 1712 673 682 1373 1615 556 1297 1345 687 59 625 1087 953 1865 1131 1190 1704 732 1282 1065 1275 374 1347 1256 161 1988 1584 1073 1948 307 1097 1019 183 131 1680 675 1545 173 179 1170 587 1789 979 1830 1153 667 342 459 13 1199 1156 1100 624 1813 1515 1552 1257 847 1885 1663 276 1611 438 127 742 807 312 812 292 670 901 1350 1485 1014 1828 1879 545 620 1784 261 535 590 1251 288 1459 650 699 1676 698 1152 198 1355 1366 416 1074 199 986 1557 1264 168 1126 789 181 314 1935 1682 66 1690 1340 927 1351 1684 1143 1633 64 1736 1959 1605 1244 1280 1957 1855 774 790 1337 1922 606 23 1083 245 815 1161 787 1783 1733 1797 1721 114 976 308 968 714 31 1433 1644 471 102 1453 1693 749 
minDistance: 2.17158
cost: 246781
capacity: 298747
time: 33255
maxTime: 60000
LS1: 7074/8331
LS2: 742/1257
LS3: 0/0
shakeIters: 503
shakeLoops: 48
