1.14376:104 1.98244:886 1.99836:1748 2.07782:1946 2.12306:2210 2.14262:2486 2.14399:2675 2.14644:5063 2.15482:5194 2.17158:13591 2.2161:14245 2.21882:20865 
1562 1962 1591 690 1975 1944 1977 1338 688 1851 32 801 1879 737 1935 1608 402 745 100 1076 164 1842 1832 1345 1754 705 619 1926 1479 1435 1051 847 1192 812 1000 556 1777 160 681 1263 1641 610 231 1063 1199 1605 1531 1904 1796 237 1375 1518 492 766 19 717 1191 704 1409 1551 299 1240 780 314 459 95 234 41 416 929 1168 223 1151 1386 1484 1624 389 1480 835 1996 522 666 1818 277 1913 1532 1069 865 1680 1687 138 606 1988 1619 307 1043 165 748 1783 641 808 551 873 1664 114 1790 1181 886 1527 1598 1734 585 1791 431 1667 1273 1959 567 1925 1693 1579 214 62 1830 1214 388 659 1572 1900 179 961 1017 1144 1211 1894 220 1768 1500 1970 761 1976 755 1588 438 233 1556 790 1297 1031 142 613 1126 471 1047 760 103 488 984 1235 1826 1743 1813 467 172 1691 1097 464 66 1515 340 1339 410 670 1980 609 1113 1225 537 687 1154 1986 912 1937 352 600 1992 118 23 238 1373 192 1594 844 714 1797 1170 86 212 1142 663 1296 976 93 593 953 408 206 1432 304 673 938 308 15 1921 1885 90 1745 1615 1399 126 1087 1316 1478 1639 428 1966 1081 1280 1186 1949 1698 1930 1712 1618 1105 1828 1357 669 901 1053 1175 24 1095 1846 1256 1244 1665 147 432 169 1663 1525 1661 1652 446 327 1827 1298 1462 1502 1831 1050 1789 133 51 1006 415 1492 1487 328 897 1091 285 465 579 913 1303 1964 1251 1212 625 1695 1810 89 17 1138 838 968 487 35 643 1152 778 1750 1059 853 1889 1552 667 1100 1771 1219 1067 903 836 210 1971 577 927 762 1226 614 81 246 1464 1200 637 647 292 1847 2000 807 222 181 964 1623 1690 715 1292 791 1548 1808 394 1 1978 1253 1635 1920 860 727 342 661 1819 1922 1824 139 203 1538 888 851 1545 198 58 1611 774 148 1834 1794 874 590 355 470 380 413 1369 1836 1882 756 1709 265 338 7 1505 259 1508 1184 823 1893 916 1453 136 1103 988 747 1844 833 82 742 168 1981 480 880 261 193 1952 1350 1283 36 1795 59 1086 813 1526 1381 1752 1106 283 1448 412 255 373 115 584 318 434 219 898 1625 46 723 944 506 1293 422 125 682 1203 1544 1461 1143 1517 1606 789 754 68 1250 1449 1627 1600 70 13 818 1801 1540 218 400 276 572 1887 549 604 1049 1584 933 1696 1243 1413 1662 1337 846 1102 251 183 1278 306 841 1045 1092 1306 1676 1401 1300 1425 710 535 436 1352 1233 1660 821 757 1167 1764 868 368 596 642 1193 632 515 31 303 553 39 1865 508 675 1268 1965 795 815 1014 498 1784 692 155 1569 134 1941 1459 1806 1032 1190 686 1114 736 1140 1706 1073 379 131 254 1814 495 1822 1108 1384 1621 1355 1726 330 1438 764 986 1465 1118 520 1485 512 775 657 1210 1312 1731 1495 979 699 732 
minDistance: 2.21882
cost: 246635
capacity: 298795
time: 20865
maxTime: 60000
LS1: 6776/8137
LS2: 847/1361
LS3: 0/0
shakeIters: 502
shakeLoops: 47
