1.82743:500 1.8295:587 1.86524:1746 1.96641:2222 1.99836:2631 2.07782:5649 2.09594:17066 2.14262:17604 2.14399:18075 2.15482:19465 2.17158:21673 2.2161:40602 
1563 1342 688 1037 285 310 742 59 976 1280 1114 238 1521 1438 1386 1401 1181 428 308 169 635 1517 667 1738 1676 1992 1212 1730 399 1862 984 41 340 1962 136 1526 1594 433 1904 1375 1635 567 808 1743 986 1350 7 1316 1579 761 1513 456 580 888 912 815 13 1084 799 1751 434 968 276 1922 179 778 1142 1606 773 596 865 173 841 593 219 1118 1053 212 1210 1680 126 1067 1100 1791 661 1910 193 1921 1500 1283 768 261 833 737 1894 1049 1153 1487 103 1120 1113 352 165 1731 619 1808 1846 985 377 81 916 1882 1831 1625 787 70 1691 812 1198 1716 1211 1971 1484 15 118 1662 259 1050 1292 355 695 192 82 1345 131 1275 844 642 221 1006 715 1788 1461 46 1413 233 1585 713 860 93 953 764 1199 686 1077 86 1200 592 1538 757 380 1598 657 125 997 167 1059 1976 1726 1623 32 374 606 1300 394 600 898 1471 498 1432 1453 723 416 1373 138 1639 1848 439 1652 964 1926 786 1043 1733 780 790 246 181 231 1244 756 1784 625 1225 1621 1409 506 1795 198 870 534 303 1587 681 1065 1930 1233 704 1357 903 717 1108 288 1913 307 1253 220 1143 1844 846 328 1584 643 1657 1475 1810 675 547 669 1374 1794 1813 1826 1250 1771 39 1966 243 755 492 663 650 699 520 1282 1975 711 579 673 508 919 1900 515 1827 1479 1126 94 626 525 939 745 1032 940 1902 1337 714 459 604 1186 1191 1783 133 1690 1801 1542 801 244 1696 732 1747 868 330 1822 1779 60 1102 1462 241 590 89 400 807 1562 1028 961 789 754 1087 438 1709 1095 1768 68 1063 251 1396 851 1081 415 705 431 1777 874 1369 537 1745 388 795 1839 1295 698 1834 1887 1698 206 1996 100 314 1545 1073 522 1917 1105 1944 1463 1082 897 831 1734 1194 556 362 585 1240 1619 1980 927 1121 1106 114 1495 95 31 774 1190 283 1935 1045 9 1851 687 775 338 1133 1665 322 1842 1464 944 670 1052 254 1941 1354 493 838 1814 23 364 1298 577 402 29 1806 614 1017 1260 1633 487 1480 853 214 818 1660 1355 1074 1219 222 446 1684 1339 1978 1465 488 886 1031 1616 1608 1014 1611 748 1828 1385 766 901 119 172 1893 1961 1527 1556 641 1986 1632 470 739 1159 1796 835 218 1251 1952 304 821 535 637 1938 168 1478 647 137 178 412 90 1151 1591 733 1712 873 1790 1819 632 1255 1192 1243 892 584 24 1544 1706 1154 847 710 1381 1303 1663 1824 1092 185 1273 1540 609 813 1070 19 1351 1905 1798 1047 164 277 210 467 1170 1865 130 1306 1492 1682 880 464 1797 1548 1736 920 1959 1693 1086 979 306 1653 1203 1789 1 933 1421 345 1697 1588 1889 1485 1152 410 1885 1627 1532 1069 570 
minDistance: 2.2161
cost: 246792
capacity: 298780
time: 40602
maxTime: 60000
LS1: 5953/7215
LS2: 716/1262
LS3: 0/0
shakeIters: 534
shakeLoops: 49
