7.9:78 8.1:156 8.2:374 8.3:1772 
399 391 24 464 54 416 313 65 303 377 370 390 1 405 414 268 5 141 297 105 70 283 305 394 494 211 375 194 182 10 198 382 474 60 61 187 378 221 42 178 412 436 251 310 69 478 114 242 333 218 487 483 435 206 229 401 343 281 331 404 358 432 81 339 41 430 278 492 202 150 479 176 429 426 422 334 363 337 366 451 80 407 49 38 338 444 256 244 322 403 112 241 318 217 473 129 156 66 292 387 295 328 421 56 160 11 225 282 52 47 86 77 210 424 
minDistance: 8.3
cost: 91950
capacity: 75956
time: 1772
maxTime: 60000
LS1: 138680/144993
LS2: 2088/6313
LS3: 0/0
shakeIters: 4210
shakeLoops: 418
