8:154 8.1:216 8.2:310 8.3:984 
77 155 212 407 375 472 41 136 358 399 66 436 244 251 218 412 327 435 81 424 479 416 184 129 378 429 432 157 494 80 421 281 334 447 61 150 318 292 217 256 401 331 414 263 376 42 333 382 69 278 246 206 444 202 10 338 262 89 187 156 325 11 176 483 492 242 305 65 313 60 474 370 86 210 283 178 133 377 482 451 390 49 109 229 466 357 426 391 486 211 497 282 38 405 225 303 198 52 302 328 464 403 297 337 172 221 5 422 478 194 241 180 268 25 105 
minDistance: 8.3
cost: 90200
capacity: 76003
time: 984
maxTime: 60000
LS1: 126815/133211
LS2: 2778/6396
LS3: 0/0
shakeIters: 3609
shakeLoops: 359
