8:164 8.2:371 8.3:929 
479 281 305 66 424 333 421 150 399 461 377 435 207 282 322 464 160 297 275 5 21 171 363 43 334 278 485 249 156 382 202 486 41 444 263 218 133 303 344 38 11 60 482 210 370 422 338 436 112 15 52 178 295 271 492 244 129 69 362 70 373 136 407 211 494 313 86 194 241 80 186 403 451 447 10 391 404 89 350 412 483 358 394 176 292 366 328 42 180 331 251 182 108 414 246 478 390 420 198 61 76 157 423 54 426 474 254 268 217 487 321 405 378 221 387 
minDistance: 8.3
cost: 91437
capacity: 75974
time: 929
maxTime: 60000
LS1: 119319/124741
LS2: 1933/5422
LS3: 0/0
shakeIters: 3472
shakeLoops: 344
