8:149 8.1:216 8.2:365 8.3:9273 
70 474 275 313 259 427 338 218 387 229 404 282 435 210 263 407 133 399 65 366 202 486 373 18 54 5 86 212 119 157 468 150 315 198 403 241 464 211 483 420 187 375 492 194 52 405 178 401 391 444 451 125 349 303 350 66 10 378 331 69 328 334 487 344 278 429 390 242 339 251 422 176 478 112 182 281 310 38 482 108 49 41 394 105 295 363 114 249 79 370 382 22 426 14 61 327 244 217 414 266 190 337 11 129 322 297 156 377 160 136 412 221 292 436 424 
minDistance: 8.3
cost: 89983
capacity: 76004
time: 9273
maxTime: 60000
LS1: 128913/135237
LS2: 2704/6324
LS3: 0/0
shakeIters: 3603
shakeLoops: 356
