7.9:91 8:143 8.1:231 8.2:393 8.3:1444 
383 426 305 422 210 451 245 3 54 24 310 354 344 466 60 282 331 483 129 429 391 150 256 56 382 187 320 435 414 61 136 328 278 86 41 333 403 242 292 176 464 404 478 5 337 283 295 401 65 343 394 217 218 265 474 66 205 339 178 424 399 338 172 472 281 361 241 358 52 202 211 156 297 378 249 390 370 432 377 421 412 69 114 417 420 112 307 221 479 473 38 268 10 219 427 70 251 49 430 487 194 229 387 407 244 105 363 141 492 405 198 
minDistance: 8.3
cost: 90926
capacity: 76077
time: 1444
maxTime: 60000
LS1: 147470/153751
LS2: 1824/6281
LS3: 0/0
shakeIters: 4439
shakeLoops: 440
