8.1:139 8.2:294 8.3:4950 
105 426 187 217 407 318 474 333 251 52 358 160 378 497 302 435 77 436 367 421 211 297 259 281 422 290 414 192 202 377 4 391 451 54 331 429 206 178 485 136 483 492 487 119 41 494 96 399 65 366 108 350 241 224 262 303 375 11 93 404 229 405 401 225 129 70 69 390 371 370 176 18 38 141 22 218 80 79 338 244 292 482 343 66 334 112 61 242 424 198 337 86 49 24 182 444 221 464 110 295 313 278 412 156 266 328 339 322 180 478 81 486 150 
minDistance: 8.3
cost: 92999
capacity: 76035
time: 4950
maxTime: 60000
LS1: 145319/152259
LS2: 2596/6940
LS3: 0/0
shakeIters: 4334
shakeLoops: 431
