7.8:109 8.1:225 8.2:290 8.3:5733 
187 333 377 417 25 229 305 295 405 413 217 211 81 407 350 202 492 414 133 242 49 38 176 390 251 483 430 478 337 479 435 112 325 426 451 403 24 361 205 5 114 382 383 427 339 473 278 421 150 328 429 310 320 399 129 105 210 86 221 487 358 412 257 363 391 370 464 54 387 444 65 292 344 52 244 424 56 70 422 156 472 378 218 11 136 281 474 394 265 245 194 466 297 282 354 219 172 401 420 307 60 338 331 263 69 41 10 268 249 61 178 108 241 
minDistance: 8.3
cost: 91147
capacity: 75954
time: 5733
maxTime: 60000
LS1: 130986/136925
LS2: 2126/5939
LS3: 0/0
shakeIters: 3794
shakeLoops: 374
