8:97 8.1:202 8.2:306 8.3:2209 
241 407 278 371 184 404 292 399 436 482 182 198 496 225 297 65 382 206 429 11 447 42 24 66 426 246 487 93 70 424 52 112 322 210 217 86 492 180 479 38 331 358 176 485 244 378 412 337 302 80 251 343 350 54 391 242 187 89 478 129 328 422 221 318 268 5 370 474 105 451 334 494 305 333 390 229 377 338 160 375 69 1 178 10 401 194 313 49 497 464 202 444 421 156 416 211 281 60 486 435 224 262 483 414 303 108 77 41 366 218 
minDistance: 8.3
cost: 92301
capacity: 76006
time: 2209
maxTime: 60000
LS1: 164330/171535
LS2: 2008/7205
LS3: 0/0
shakeIters: 5178
shakeLoops: 513
