8:136 8.2:266 8.3:1008 
184 370 485 281 447 487 436 69 15 176 210 49 54 305 479 256 278 371 435 483 333 198 178 297 60 382 464 482 338 156 24 83 302 366 186 160 150 426 432 292 378 407 211 38 207 344 246 399 414 65 41 444 328 377 451 331 42 182 358 275 429 421 262 86 105 268 187 194 334 244 129 217 1 180 143 76 229 11 241 494 10 373 405 221 70 251 416 89 61 492 404 80 412 322 391 66 343 249 337 422 497 474 486 303 93 52 478 473 313 202 5 283 424 112 
minDistance: 8.3
cost: 93259
capacity: 75987
time: 1008
maxTime: 60000
LS1: 151403/158296
LS2: 2327/6893
LS3: 0/0
shakeIters: 4552
shakeLoops: 452
