8:105 8.2:268 8.3:9672 
241 52 5 42 105 38 313 451 487 387 403 404 295 219 486 70 331 24 150 492 156 474 210 373 394 334 172 207 350 202 49 444 61 278 114 48 361 218 390 249 297 76 129 336 339 391 407 136 338 412 478 358 108 281 435 333 344 445 328 176 303 18 266 337 244 429 178 414 229 464 421 81 217 221 426 54 282 187 41 494 377 65 10 198 69 424 482 310 141 86 292 186 113 446 473 396 60 422 378 194 66 205 399 420 275 11 211 112 472 483 363 466 79 343 
minDistance: 8.3
cost: 93173
capacity: 76010
time: 9672
maxTime: 60000
LS1: 120727/126369
LS2: 2247/5642
LS3: 0/0
shakeIters: 3377
shakeLoops: 335
