19.3:52 22.8:105 23.6:133 25.3:330 25.5:356 26:711 26.2:839 26.6:952 26.7:1407 26.8:4275 26.9:6390 27:8725 27.3:8740 
408 445 193 160 172 401 151 233 288 42 200 375 312 429 405 54 237 22 426 85 355 481 130 398 442 225 38 187 423 421 110 335 367 451 192 242 217 325 287 19 308 61 238 443 331 76 399 376 412 227 79 328 265 317 223 16 346 30 279 249 300 150 115 58 131 164 277 12 119 120 410 356 186 332 322 433 235 239 125 431 494 163 218 411 295 207 154 413 134 62 438 81 434 319 67 177 483 373 84 35 476 475 485 473 152 289 
minDistance: 27.3
cost: 91331
capacity: 74489
time: 8740
maxTime: 60000
LS1: 313142/325978
LS2: 2574/12836
LS3: 0/0
shakeIters: 10248
shakeLoops: 1023
