20:66 20.3:76 20.7:294 21.5:320 21.6:327 22:409 22.5:422 22.9:465 24.4:496 24.6:586 24.7:649 25:664 25.8:681 26.2:748 26.5:763 26.7:1694 26.9:1861 27.3:9100 27.9:11551 
261 116 152 28 307 333 356 128 475 14 151 433 476 265 79 459 346 300 233 480 63 187 499 319 85 191 214 223 308 122 432 253 374 156 177 196 289 137 423 445 401 76 345 375 284 426 192 220 249 405 123 67 344 384 142 54 397 429 200 35 93 131 427 367 186 372 463 485 102 110 441 359 411 254 298 332 478 290 285 58 115 30 163 218 438 410 119 22 42 235 494 239 225 227 295 335 19 431 145 134 10 150 238 457 473 90 56 62 16 6 287 
minDistance: 27.9
cost: 92916
capacity: 74423
time: 11551
maxTime: 60000
LS1: 305191/318445
LS2: 4795/13254
LS3: 0/0
shakeIters: 8438
shakeLoops: 839
