20.5:58 21.7:96 22.8:111 23:136 23.5:156 23.6:166 24:223 25.5:246 26.2:325 26.7:478 26.9:1398 27.3:18504 
240 405 322 238 317 191 115 289 433 249 333 362 198 465 239 30 154 423 473 429 170 451 431 401 149 163 79 463 202 457 412 220 332 328 16 54 63 445 356 58 110 38 399 6 217 39 62 186 434 19 69 192 284 398 277 188 265 376 66 410 90 411 335 35 346 441 345 101 308 109 474 475 414 172 22 119 300 42 84 485 85 374 151 492 48 295 476 218 12 367 200 312 494 359 164 187 331 86 233 207 438 150 225 67 325 223 
minDistance: 27.3
cost: 91531
capacity: 74428
time: 18504
maxTime: 60000
LS1: 303147/315869
LS2: 3097/12722
LS3: 0/0
shakeIters: 9612
shakeLoops: 959
