21:78 22.6:121 22.8:165 23:190 23.6:219 23.9:254 24:266 24.4:317 24.6:380 24.7:1153 24.8:1956 25.4:2386 25.5:9977 26:12581 26.2:13058 26.3:14550 26.7:14962 27.2:17874 27.3:24977 27.4:25577 
12 317 356 279 346 380 178 429 410 152 163 110 406 58 249 32 109 362 203 202 265 423 188 482 360 63 274 223 54 191 473 458 445 468 287 102 335 214 490 92 240 154 160 438 228 441 256 19 101 463 378 411 475 451 472 300 374 254 331 30 308 263 90 67 332 69 62 187 345 328 119 79 151 236 289 145 22 485 494 312 430 376 432 115 192 237 476 465 303 200 16 198 474 290 367 431 401 35 218 28 284 137 3 295 359 186 457 
minDistance: 27.4
cost: 94097
capacity: 74436
time: 25577
maxTime: 60000
LS1: 316093/329472
LS2: 3387/13379
LS3: 0/0
shakeIters: 9970
shakeLoops: 993
