20.3:71 21:99 22.5:107 23.6:128 24.4:195 24.5:219 26:265 26.3:364 26.5:912 26.6:1027 26.7:1070 27.4:1219 27.7:1299 27.9:1641 28.1:4340 
233 111 261 485 335 310 144 137 92 431 152 249 289 14 22 142 62 403 410 116 30 333 300 119 346 465 499 238 131 198 445 32 263 480 192 257 290 186 58 429 150 376 85 35 401 416 419 220 128 84 285 287 494 54 477 216 254 214 459 227 284 474 332 8 392 79 110 345 380 457 303 387 374 115 19 196 187 48 102 432 463 63 384 378 76 476 151 312 200 97 319 308 235 223 145 67 16 359 468 218 191 473 239 294 251 26 
minDistance: 28.1
cost: 92952
capacity: 74441
time: 4340
maxTime: 60000
LS1: 327611/341100
LS2: 3328/13489
LS3: 0/0
shakeIters: 10145
shakeLoops: 1011
