18.7:51 20.3:95 20.8:140 21:202 21.1:236 23.6:287 24.5:302 24.7:417 25:512 25.1:636 26:657 26.2:1066 26.5:2185 26.7:3028 26.9:3724 
38 492 217 333 187 172 76 204 295 69 30 223 240 90 19 10 399 39 261 375 192 79 445 265 116 476 249 218 86 150 220 177 149 401 475 433 312 111 109 367 170 119 186 225 473 335 441 16 196 459 115 227 67 359 463 200 494 6 434 22 499 191 58 423 63 239 345 233 300 254 374 142 154 325 319 284 376 474 68 35 54 332 356 62 344 410 426 431 151 412 438 289 137 406 411 457 48 481 110 405 346 277 207 429 42 485 85 
minDistance: 26.9
cost: 92009
capacity: 74450
time: 3724
maxTime: 60000
LS1: 307821/320502
LS2: 2586/12681
LS3: 0/0
shakeIters: 10080
shakeLoops: 1004
