18.6:42 18.9:59 19.6:79 19.9:116 20.5:184 23:232 23.6:257 24.3:339 25:349 25.1:365 25.5:375 26:401 26.1:470 26.2:476 26.7:1155 26.9:1368 27.2:2740 27.3:2744 27.4:4906 27.9:7545 
387 42 374 233 335 449 109 54 58 63 10 35 427 60 485 67 240 364 186 156 62 225 295 90 163 401 196 411 305 191 279 345 85 218 102 384 254 308 97 468 192 237 119 217 333 433 362 300 474 312 201 405 494 261 145 19 398 359 457 239 236 431 276 12 492 476 430 116 287 445 298 76 310 284 410 344 214 152 459 187 48 14 463 432 6 115 151 438 207 17 265 249 154 148 33 289 200 235 28 406 269 473 22 150 356 244 465 346 79 16 
minDistance: 27.9
cost: 92709
capacity: 74516
time: 7545
maxTime: 60000
LS1: 336248/349464
LS2: 3970/13216
LS3: 0/0
shakeIters: 9223
shakeLoops: 918
