33.1:12 41.9:39 42:49 42.2:234 43.9:254 44.4:258 48.1:315 48.8:402 50.9:419 55.8:431 56.5:574 56.9:597 57.9:601 58.6:3582 
483 447 240 170 258 429 350 54 51 65 370 174 148 298 314 317 185 101 140 132 355 396 160 280 421 463 166 313 229 155 14 292 171 221 196 142 349 7 87 159 94 377 485 105 353 433 346 496 235 422 89 223 74 194 179 62 224 250 405 312 61 205 297 455 216 474 
minDistance: 58.6
cost: 62371
capacity: 49734
time: 3582
maxTime: 60000
LS1: 455798/473941
LS2: 5277/18143
LS3: 0/0
shakeIters: 12852
shakeLoops: 1282
