41.5:38 42.2:55 43.9:68 45:85 47.2:89 47.4:92 48:106 49.3:117 49.6:173 53.2:238 54.8:247 55.2:268 55.7:271 56:329 56.9:367 57.2:375 57.9:423 58.4:825 59:2294 
433 347 216 322 391 483 51 293 171 128 297 313 396 423 105 223 292 170 63 126 137 155 185 174 349 61 188 280 179 355 160 110 250 163 213 496 132 89 99 431 140 429 413 474 460 321 235 370 258 298 340 148 74 240 14 346 336 350 430 312 455 194 42 35 405 229 54 318 166 87 
minDistance: 59
cost: 65923
capacity: 49912
time: 2294
maxTime: 60000
LS1: 469630/490025
LS2: 8807/20395
LS3: 0/0
shakeIters: 11569
shakeLoops: 1154
