39.2:28 42.2:48 43.2:79 43.9:96 44.2:173 46.6:195 47.1:205 48.1:251 51.4:355 51.5:2391 51.6:2543 52.5:3285 55.2:3824 55.9:4384 58.4:5170 
188 7 160 26 423 431 474 101 34 48 58 433 413 280 347 492 391 52 263 110 87 249 355 258 293 427 194 322 365 166 385 105 202 132 472 155 207 397 60 244 42 349 138 250 5 319 346 159 171 174 455 313 370 221 487 36 321 99 432 294 91 272 185 312 137 460 216 
minDistance: 58.4
cost: 60551
capacity: 49773
time: 5170
maxTime: 60000
LS1: 485519/502996
LS2: 3180/17477
LS3: 0/0
shakeIters: 14281
shakeLoops: 1425
