43:37 45.5:290 46.9:294 47.2:311 47.4:314 48.1:417 50:421 51.1:483 53.6:505 56:526 56.9:1940 57.1:2066 57.6:3096 57.9:38538 58.1:38826 
405 71 336 485 216 297 264 349 355 194 32 87 152 101 223 300 235 14 353 43 258 347 63 7 132 192 170 427 174 429 34 483 413 457 391 313 123 137 160 186 455 463 319 495 185 110 280 138 396 312 135 179 148 48 229 433 155 61 412 421 166 52 321 377 250 474 105 288 
minDistance: 58.1
cost: 61739
capacity: 49746
time: 38826
maxTime: 60000
LS1: 482001/501360
LS2: 5323/19359
LS3: 0/0
shakeIters: 14019
shakeLoops: 1398
