39.2:29 40.6:41 44.8:52 45.2:61 47.2:95 47.4:122 48.4:187 50:190 52.2:421 55.7:1179 56:1627 56.4:2332 57.9:2386 58.4:7742 
14 47 48 160 474 250 433 285 411 7 235 110 83 188 155 483 171 34 216 101 221 87 142 455 159 360 385 244 132 422 54 321 429 297 18 485 370 179 61 294 346 170 185 174 355 292 413 229 36 406 495 280 322 258 396 105 140 62 319 52 463 298 16 349 431 
minDistance: 58.4
cost: 61296
capacity: 49783
time: 7742
maxTime: 60000
LS1: 505686/524291
LS2: 3414/18605
LS3: 0/0
shakeIters: 15177
shakeLoops: 1514
