41:31 42:41 42.8:50 44.2:115 44.5:126 49.3:141 51.4:146 51.5:155 51.8:201 53.2:278 53.7:693 56:1330 56.1:1337 
182 127 48 155 16 430 54 399 252 174 312 274 447 386 270 288 179 319 230 325 73 406 66 61 159 266 292 221 185 496 341 194 280 213 250 188 216 377 107 452 134 93 411 110 385 455 476 187 298 456 450 355 391 137 36 347 258 263 297 264 211 99 63 160 349 14 170 
minDistance: 56.1
cost: 65159
capacity: 49898
time: 1337
maxTime: 60000
LS1: 500000/519142
LS2: 5667/19142
LS3: 0/0
shakeIters: 13461
shakeLoops: 1343
