38.9:31 41.9:47 42.8:61 45.8:111 47.1:285 47.2:305 50.6:386 50.9:653 51.1:768 51.5:773 51.9:3767 52.5:29811 
431 391 179 292 447 208 263 488 340 98 54 202 483 134 190 472 63 454 94 73 349 282 185 280 110 132 106 288 96 237 317 241 89 213 35 57 183 486 279 239 141 390 201 122 158 105 347 18 399 192 323 341 126 346 216 264 405 112 250 258 102 266 148 188 466 189 61 462 364 312 487 170 155 322 
minDistance: 52.5
cost: 63239
capacity: 49747
time: 29811
maxTime: 60000
LS1: 424313/442972
LS2: 8111/18659
LS3: 0/0
shakeIters: 10535
shakeLoops: 1052
