36.5:22 38.1:37 39.3:42 40.8:54 45.8:73 47.3:78 47.5:97 48.1:344 48.7:726 48.8:1708 49.4:4554 50.5:25107 50.8:25957 51.2:48555 51.3:49201 51.9:52590 
428 444 50 151 156 353 164 226 6 163 13 243 253 478 127 375 349 385 281 319 415 283 466 153 100 267 145 410 463 313 258 433 338 470 148 11 215 123 214 368 461 307 152 161 185 462 188 77 72 387 345 209 216 42 354 457 177 79 432 301 409 75 325 129 439 464 262 71 435 431 134 405 182 157 12 377 41 101 210 
minDistance: 51.9
cost: 60559
capacity: 52292
time: 52590
maxTime: 60000
LS1: 418265/437202
LS2: 8350/18937
LS3: 0/0
shakeIters: 10567
shakeLoops: 1054
