33:16 35.8:50 37.1:58 38.5:72 39.6:82 40.4:100 42.5:177 43.2:198 44.2:216 44.3:232 45.9:341 46.1:392 46.2:530 47.1:1019 47.2:1702 47.6:1813 48.3:1906 48.7:3037 49:3452 49.4:11527 50.5:27036 
83 210 54 353 364 310 317 213 440 328 257 129 427 491 336 91 72 49 161 467 386 412 95 300 50 110 74 64 318 436 385 391 405 475 13 311 132 295 207 45 119 387 152 149 319 283 180 86 381 84 354 276 407 474 297 284 123 265 214 100 439 329 454 340 156 241 270 154 421 198 106 493 136 472 166 460 
minDistance: 50.5
cost: 60958
capacity: 52415
time: 27036
maxTime: 60000
LS1: 450795/471410
LS2: 9588/20615
LS3: 0/0
shakeIters: 11006
shakeLoops: 1096
