36.2:17 38.3:22 38.4:63 40.8:72 42.7:144 43.9:194 45.4:319 45.5:373 45.7:381 46.2:808 46.6:1118 47.2:1292 47.3:1656 47.5:2229 48.7:2287 49.8:2625 51:3798 51.3:5092 51.7:10326 51.9:14249 52.1:20742 
254 24 15 410 126 82 444 375 97 317 105 68 172 136 475 295 145 386 466 267 397 231 200 285 269 135 415 246 268 221 120 474 307 264 188 328 409 211 225 400 129 161 222 148 322 377 476 77 232 383 439 429 4 349 149 325 345 76 334 422 52 431 146 358 478 37 289 78 215 214 348 432 335 340 
minDistance: 52.1
cost: 59531
capacity: 52289
time: 20742
maxTime: 60000
LS1: 455399/473208
LS2: 5140/17809
LS3: 0/0
shakeIters: 12646
shakeLoops: 1261
