27.7:15 36.7:27 38.5:40 43:70 43.8:261 44.5:312 45.7:362 46.1:440 46.6:1085 46.8:1190 46.9:1295 47.1:1585 47.2:1641 47.3:1645 49:2297 49.4:2455 51.3:2705 51.5:3193 
136 133 491 200 466 485 313 6 58 243 397 13 155 44 198 72 145 161 178 78 386 353 238 268 241 375 157 409 349 151 310 188 444 325 77 278 400 435 199 128 433 258 48 152 265 284 470 408 416 262 428 12 345 7 285 464 90 146 217 75 185 431 201 37 462 119 439 195 317 472 478 450 215 
minDistance: 51.5
cost: 57054
capacity: 52302
time: 3193
maxTime: 60000
LS1: 452101/468551
LS2: 4224/16450
LS3: 0/0
shakeIters: 12206
shakeLoops: 1216
