33.8:17 41.8:49 42.3:54 45.7:99 47.2:129 48.8:500 50.7:553 51.2:620 52.1:2531 52.2:5148 52.7:9990 53.2:41699 54.4:42954 
118 188 262 383 6 148 482 126 285 9 439 463 195 201 123 377 348 161 284 375 172 470 254 134 345 478 476 325 100 45 412 211 215 307 334 429 352 444 360 340 52 79 236 24 474 386 410 140 480 54 493 135 68 368 232 275 301 151 400 477 422 432 214 209 129 322 182 50 104 221 306 212 
minDistance: 54.4
cost: 61049
capacity: 52276
time: 42954
maxTime: 60000
LS1: 439321/458094
LS2: 6129/18773
LS3: 0/0
shakeIters: 12628
shakeLoops: 1258
