38.7:35 40.8:55 41.8:59 42.5:161 43.9:337 44.4:353 44.5:362 46.1:432 46.6:540 47.5:1499 48:2032 48.3:2533 48.4:27605 
146 344 323 436 215 238 470 211 396 272 68 300 468 422 353 44 267 243 450 102 131 462 386 433 285 466 217 216 198 306 209 126 268 195 172 345 418 274 47 118 177 117 17 58 432 61 495 72 78 163 153 24 87 99 144 395 391 200 197 151 201 361 400 104 294 340 13 262 425 92 474 410 180 490 
minDistance: 48.4
cost: 60316
capacity: 52462
time: 27605
maxTime: 60000
LS1: 456872/474483
LS2: 4642/17611
LS3: 0/0
shakeIters: 12956
shakeLoops: 1293
