33:18 35.9:33 37:46 37.1:62 40.4:76 40.5:97 44.5:117 46.1:134 46.8:192 47.1:344 47.5:482 47.6:22011 49.7:22086 50.5:22727 50.8:22872 
352 319 381 307 110 215 37 180 439 278 200 265 493 476 3 225 220 481 385 92 470 123 172 471 450 487 53 356 362 445 407 420 26 30 386 408 234 246 300 269 303 140 141 145 457 313 429 77 31 306 400 252 72 276 222 209 154 364 329 432 340 226 317 44 2 297 49 129 413 383 142 4 148 
minDistance: 50.8
cost: 60845
capacity: 52567
time: 22872
maxTime: 60000
LS1: 440308/459378
LS2: 6086/19070
LS3: 0/0
shakeIters: 12967
shakeLoops: 1293
