3.9:10 4.9:130 6.1:236 6.2:278 6.8:497 7.4:928 8.7:949 9:7773 9.1:12611 
202 153 432 459 35 181 214 165 421 264 360 260 125 261 187 121 481 353 373 384 363 458 372 183 203 234 108 425 166 128 174 179 182 18 389 445 293 283 33 226 63 205 206 221 272 460 215 408 275 186 364 385 196 97 322 212 115 451 476 213 62 173 99 20 447 1 401 486 147 437 237 461 435 67 189 464 210 192 82 16 242 250 140 328 52 366 46 151 282 455 111 25 449 105 338 188 267 442 411 495 404 339 137 453 403 68 381 122 8 499 434 227 316 13 400 230 469 473 136 12 2 294 308 
minDistance: 9.1
cost: 60504
capacity: 73148
time: 12611
maxTime: 60000
LS1: 68378/84949
LS2: 6492/16571
LS3: 0/0
shakeIters: 10067
shakeLoops: 1003
