3.9:11 4.9:57 6.1:482 6.2:796 6.3:882 6.7:954 6.8:973 7.4:1120 8.4:1202 8.6:27063 9:27183 9.1:31698 
363 366 105 23 1 385 459 261 479 25 153 428 206 498 473 214 125 67 350 202 283 95 165 108 293 82 32 263 441 18 451 157 434 384 339 210 337 264 137 442 151 122 237 121 39 2 179 62 226 364 215 493 448 435 411 492 99 267 57 408 52 461 183 481 272 322 115 373 464 360 205 437 455 188 447 8 189 166 187 181 155 469 389 16 20 221 192 12 432 252 353 486 328 316 476 46 68 401 282 449 381 136 234 453 445 182 403 260 13 213 174 372 405 400 227 308 33 212 404 128 242 203 97 
minDistance: 9.1
cost: 60594
capacity: 73149
time: 31698
maxTime: 60000
LS1: 59913/76030
LS2: 5954/16117
LS3: 0/0
shakeIters: 10149
shakeLoops: 1010
