3.4:7 3.5:27 3.9:240 4.9:309 6.1:561 6.7:797 6.8:809 7.4:824 8.6:927 8.7:957 9:2362 
230 408 498 437 202 401 55 192 18 250 294 115 99 125 166 272 373 411 322 486 188 32 389 451 444 82 95 57 2 263 282 267 328 400 67 350 293 128 404 363 425 353 165 221 16 372 435 384 105 442 181 215 108 455 63 97 331 403 183 153 205 52 25 364 473 210 474 242 460 174 159 227 421 445 481 35 459 260 179 212 381 46 488 33 151 299 449 360 283 434 226 203 23 187 432 62 366 469 441 345 141 464 137 461 20 206 234 182 161 8 157 275 1 338 122 237 214 351 339 447 458 90 241 453 121 106 13 261 
minDistance: 9
cost: 60567
capacity: 73153
time: 2362
maxTime: 60000
LS1: 63081/79224
LS2: 6175/16143
LS3: 0/0
shakeIters: 9956
shakeLoops: 993
