4.9:11 6.1:133 6.2:233 6.7:296 6.8:315 7.4:323 8.1:499 8.6:710 8.7:1113 9:2300 9.1:4557 9.6:24277 9.7:24943 9.8:26555 
57 302 234 33 137 11 460 464 10 404 283 434 421 455 182 400 308 401 372 329 63 261 67 62 136 214 183 35 338 226 294 385 366 115 242 80 153 449 322 358 203 198 364 476 408 157 20 459 389 447 339 445 181 8 353 46 252 250 386 192 441 403 490 206 165 461 384 469 197 267 435 213 105 121 97 328 282 360 151 16 227 205 68 18 125 381 179 215 425 202 264 52 187 166 174 432 316 108 453 23 233 82 442 196 55 272 437 99 210 486 237 221 414 178 470 473 411 212 25 2 481 483 293 260 
minDistance: 9.8
cost: 60527
capacity: 73136
time: 26555
maxTime: 60000
LS1: 76331/93722
LS2: 7799/17391
LS3: 0/0
shakeIters: 9576
shakeLoops: 955
