2.5:5 3.4:43 3.5:48 3.9:93 4.9:157 6.2:181 6.8:213 8.2:501 8.4:512 8.6:2541 8.7:2878 9:3690 9.1:7468 
322 165 2 360 214 252 183 179 283 52 455 261 188 432 33 363 442 481 267 434 205 221 181 250 302 213 234 174 469 384 202 400 90 464 192 242 364 404 67 186 272 498 459 12 381 353 447 8 68 46 57 328 373 403 135 264 212 173 166 233 435 437 339 357 157 51 20 16 321 227 451 62 476 294 95 1 122 32 453 121 293 210 401 338 13 128 473 99 282 334 461 206 182 108 226 125 106 215 449 260 18 137 25 421 151 23 97 105 63 445 486 203 474 366 200 488 372 198 153 441 425 82 187 389 35 408 
minDistance: 9.1
cost: 60526
capacity: 73140
time: 7468
maxTime: 60000
LS1: 74144/90588
LS2: 6553/16444
LS3: 0/0
shakeIters: 9876
shakeLoops: 984
