1.4:5 3.1:18 3.5:28 4.9:58 6.1:72 6.2:246 6.3:364 6.8:390 7.4:395 7.9:401 8.1:463 8.4:546 8.6:1372 8.7:1608 9:1672 9.1:16927 
334 196 282 408 434 445 10 135 437 461 208 486 453 455 293 174 328 479 483 125 372 316 57 381 206 227 67 221 364 46 142 183 242 267 153 12 425 18 250 260 371 449 339 105 25 62 234 16 442 237 360 338 459 82 202 140 188 165 389 173 20 464 414 97 302 385 68 95 80 473 8 322 122 33 52 108 2 212 252 1 403 226 347 476 469 435 182 23 272 157 366 179 214 151 308 432 460 181 35 203 384 99 192 263 128 137 200 189 215 400 210 411 283 166 32 353 136 121 261 187 481 404 447 
minDistance: 9.1
cost: 60566
capacity: 73168
time: 16927
maxTime: 60000
LS1: 76011/92418
LS2: 6242/16407
LS3: 0/0
shakeIters: 10148
shakeLoops: 1012
