3.5:7 4.9:87 6.1:176 6.2:357 8.4:417 8.6:2661 8.7:3358 9:3488 9.1:12375 9.6:19008 9.8:19771 
20 308 473 302 414 385 108 449 426 353 434 363 166 234 339 284 165 360 2 481 157 55 192 227 437 366 250 183 226 403 441 345 275 464 210 469 179 357 453 121 486 242 182 18 316 52 196 189 115 492 425 252 338 136 16 389 111 214 212 401 455 82 151 260 202 95 386 206 25 23 97 62 328 442 33 67 8 137 215 447 479 459 411 205 263 372 272 128 461 400 435 384 32 476 408 181 99 460 322 364 153 19 267 125 444 174 358 432 80 283 46 445 381 213 293 10 282 261 187 35 203 404 
minDistance: 9.8
cost: 60593
capacity: 73156
time: 19771
maxTime: 60000
LS1: 76935/93786
LS2: 6835/16851
LS3: 0/0
shakeIters: 10005
shakeLoops: 997
