3.1:8 3.2:19 3.5:37 4.9:52 6.2:133 8.6:313 8.7:391 9:747 9.1:946 9.6:46388 
63 226 448 179 198 328 339 202 445 442 476 372 267 286 250 151 384 23 125 181 137 264 165 10 121 366 385 95 282 192 203 498 272 461 381 449 432 451 338 196 322 182 210 408 459 18 155 453 99 166 400 435 469 426 441 81 20 52 464 2 82 45 242 308 260 159 174 421 460 455 67 437 68 481 57 404 108 227 403 353 234 92 434 115 212 252 35 214 123 16 411 206 294 46 213 97 33 157 128 111 283 188 183 425 261 316 275 473 293 12 447 364 13 141 360 215 389 187 153 486 80 122 205 357 161 136 189 105 62 25 
minDistance: 9.6
cost: 60531
capacity: 73141
time: 46388
maxTime: 60000
LS1: 71513/88629
LS2: 7692/17116
LS3: 0/0
shakeIters: 9413
shakeLoops: 939
