1.4:5 3.1:26 3.5:59 3.9:119 4.9:158 5.3:394 6.1:406 6.2:583 6.8:593 7:663 7.2:790 8.4:1399 8.6:1636 8.7:2959 9:3252 9.1:15540 
108 157 46 32 293 384 215 411 80 18 106 464 179 165 404 283 128 435 455 181 445 460 214 447 234 2 488 267 125 328 250 400 155 183 264 115 302 187 212 99 161 188 16 198 260 385 166 333 121 192 153 451 339 122 8 210 97 347 90 441 242 282 437 275 473 481 203 459 272 350 360 364 403 389 221 82 432 1 453 476 174 111 67 62 461 68 137 408 425 227 372 366 363 401 322 51 486 20 359 268 55 206 10 336 205 57 261 151 381 442 23 45 434 63 35 469 52 226 353 202 13 182 25 449 
minDistance: 9.1
cost: 60566
capacity: 73156
time: 15540
maxTime: 60000
LS1: 61765/77991
LS2: 5841/16226
LS3: 0/0
shakeIters: 10368
shakeLoops: 1032
