1.4:5 3.5:29 3.9:141 4.3:206 4.9:233 6.1:832 6.2:915 6.7:1658 6.8:1664 7:1799 7.4:1994 8.2:2003 8.4:2142 8.6:17740 9:18548 
179 140 161 486 202 227 385 260 200 166 159 497 80 293 404 97 469 498 226 183 197 63 46 328 210 442 455 51 153 366 117 389 448 316 322 196 339 272 461 67 182 193 261 338 13 267 125 445 473 82 481 353 360 411 39 381 121 408 141 52 421 451 33 432 25 142 151 62 8 187 181 495 212 122 10 460 203 294 334 252 108 2 16 174 384 32 282 230 206 263 18 437 464 476 449 357 438 250 434 283 308 214 20 364 99 264 242 400 372 403 165 221 234 137 215 188 447 192 459 435 1 490 136 12 
minDistance: 9
cost: 60572
capacity: 73137
time: 18548
maxTime: 60000
LS1: 59161/76344
LS2: 7249/17183
LS3: 0/0
shakeIters: 9918
shakeLoops: 988
