1.45283:197 1.91995:486 2.05048:900 2.06334:2609 2.10103:3324 2.10827:3595 2.11096:5000 2.11702:6074 2.18627:7040 2.18892:7779 2.22997:8995 2.23542:16607 2.25186:27700 
433 534 1461 1574 977 1726 178 790 1978 303 1316 493 1684 238 1740 1447 126 1910 220 1156 1455 464 164 961 272 1980 1799 720 1556 1448 626 1200 506 821 214 1793 641 1199 1495 223 1640 1432 1092 1160 1131 1594 756 936 1996 143 1306 1303 1170 1438 1245 912 1241 1665 535 480 516 136 909 151 1755 431 23 1107 783 179 1506 1584 1935 801 1916 1738 787 1670 131 946 1893 844 1269 299 302 1244 1271 579 1233 609 985 908 1401 600 1126 173 1926 1937 212 1706 79 1938 1961 1540 254 1812 355 1025 1250 715 688 1425 898 1033 658 757 190 398 538 1225 181 488 704 1154 1552 1117 1660 1151 46 1889 1139 860 1238 871 699 856 1365 170 1839 118 1059 1810 1579 1645 1079 1779 1258 1296 340 1606 986 1127 575 17 1919 508 1902 748 1152 1981 705 635 1772 888 778 158 1086 154 109 886 1709 501 198 1118 142 1569 101 1198 492 1465 1161 219 1373 1988 868 255 846 337 60 1120 965 1166 1623 187 614 1562 761 1805 1714 852 1851 471 1533 1114 828 1009 1527 559 789 1189 1014 1075 954 1346 751 1976 1214 792 1975 460 1090 1449 191 489 805 134 602 1153 1142 1384 1974 192 1795 90 522 565 12 1485 669 775 1125 1966 185 165 1361 768 670 1087 1175 1724 827 1462 744 176 1790 244 536 357 972 585 459 462 1944 513 129 1067 344 1121 1063 1664 1784 1764 622 247 572 1347 417 1703 1554 384 953 1413 413 721 1049 1945 1193 402 290 709 114 82 1680 1453 182 294 1037 874 1745 643 1229 300 127 107 642 457 1032 732 349 401 1496 1857 1593 1731 477 1105 793 593 1409 362 310 1813 786 233 1894 1256 1766 1298 1192 1959 194 1992 1828 975 968 596 1846 1612 989 1157 1854 1753 1515 1591 1340 1844 1652 949 1006 1468 780 1043 1034 1327 759 1604 1478 613 1106 1502 211 1662 1832 716 70 377 661 839 916 289 1696 530 520 1831 581 1312 1211 739 659 795 400 371 66 246 885 1928 1690 1732 1100 631 552 674 1819 1191 1791 1904 444 1913 380 1135 1350 312 901 316 1792 1053 847 102 1653 1240 394 945 498 1 1578 726 664 261 809 1977 1519 963 1768 1283 1917 1077 1259 903 1095 1237 979 1616 1017 1964 183 1826 1041 68 861 38 1789 1337 1074 1633 451 1796 1888 673 865 1163 1743 776 496 1479 193 1588 932 1707 304 1083 174 1222 1081 1464 1971 333 813 35 184 725 1324 364 95 1951 412 812 933 853 259 229 1508 470 647 1671 964 19 245 130 314 1210 1003 1181 1697 1803 1494 1480 525 446 667 1661 1024 1847 1698 976 873 1930 1641 39 103 410 486 1736 1190 177 1280 1538 73 301 1360 285 666 234 1441 1510 1849 385 1148 851 100 89 1219 592 1667 422 723 195 169 117 1529 632 15 619 943 1763 1463 1007 
minDistance: 2.25186
cost: 246781
capacity: 298748
time: 27700
maxTime: 60000
LS1: 5849/7127
LS2: 730/1278
LS3: 0/0
shakeIters: 535
shakeLoops: 49
