1.45646:170 1.82226:748 1.85783:874 1.95295:1366 2.05048:1751 2.06334:1838 2.0712:2258 2.11432:2498 2.11941:4907 2.13195:5316 2.14848:5588 2.16065:9200 2.16803:9848 2.18892:9931 2.22997:17372 2.23542:18075 2.2378:20817 2.25186:21069 2.30036:38430 2.33433:59522 
1795 667 15 1092 41 1271 751 1219 1796 1230 1510 1200 1706 1562 1563 1121 585 1540 1824 699 1059 364 1713 901 648 1961 786 234 1203 1463 1190 1175 1574 1928 825 1258 394 778 535 795 459 178 1623 247 1667 1373 1448 845 402 464 377 257 614 1781 759 187 1946 195 203 888 962 192 1151 1429 1527 1453 233 844 873 1849 60 1465 314 647 989 715 480 1645 1193 261 1003 769 964 238 363 1040 1210 194 1660 522 66 1672 1533 285 211 333 46 856 1361 1938 1269 1233 1036 748 457 1117 1831 1980 756 862 1951 1032 841 503 1214 1763 1070 1017 1828 895 1074 1487 828 82 871 1213 1995 401 1844 868 1888 1261 1552 1067 1593 658 1087 936 1945 1401 1726 1503 1930 874 1736 143 1347 1090 1889 789 17 1108 1652 739 961 602 1665 1696 945 373 1006 221 424 790 1966 635 340 801 1926 117 1163 1199 1153 264 126 534 260 1598 1280 1556 641 1671 1569 1038 1913 73 1502 1306 619 1916 1156 1904 1340 1579 29 780 1328 530 695 1554 1007 438 1037 838 520 670 552 908 1932 130 102 963 1350 1114 1053 538 834 1409 976 787 1902 272 970 1240 1996 1229 508 559 1120 165 1235 1538 1647 1919 943 977 755 302 1584 109 312 1853 223 1023 1974 1910 1591 1316 732 1616 860 972 318 412 1222 304 118 380 985 1413 1793 1461 1211 1887 1813 933 783 1298 1814 853 151 588 704 462 1157 861 1024 1 1468 983 642 709 1118 546 903 906 170 672 1709 1799 1975 1154 1791 721 1768 1381 362 1181 705 506 488 1360 1819 954 1191 182 1692 1337 49 1690 596 865 912 716 659 229 813 1810 89 1659 1743 458 791 1102 1697 1244 79 1846 183 1988 1964 1517 70 1834 108 179 1794 100 1705 1970 1920 1425 107 512 379 1485 1754 1464 398 1653 1384 673 577 158 1731 1492 1790 1237 198 1079 710 1797 422 1515 643 31 310 1664 827 822 1033 821 322 214 666 1789 1303 720 1105 1167 688 1857 745 259 344 562 316 1894 68 185 326 1125 909 1014 1446 486 23 1870 1106 1283 219 254 330 1296 1494 1346 898 492 454 1277 169 432 410 632 669 177 1140 355 1805 1495 249 761 493 1000 303 174 953 1479 1083 664 220 579 1722 446 812 101 1449 498 467 831 1009 1160 1111 1126 1588 173 1198 1784 1043 1992 1662 39 846 1604 255 1597 1680 932 1478 1935 1944 283 19 823 766 1959 244 451 572 246 1703 744 164 1917 1808 946 762 142 1632 114 154 337 251 1432 916 212 986 1256 1976 1380 1139 914 1250 86 1426 1513 1745 1766 1635 979 1170 1753 1438 1142 136 1764 1594 131 1506 1772 1596 
minDistance: 2.33433
cost: 246786
capacity: 298742
time: 59522
maxTime: 60000
LS1: 5350/6546
LS2: 598/1196
LS3: 0/0
shakeIters: 578
shakeLoops: 54
