1.45283:110 1.45646:549 1.95295:1193 2.05048:1600 2.06334:2996 2.0712:6626 2.10103:6940 2.11432:8411 2.14848:17273 2.15687:17903 2.16065:23704 2.18627:23845 2.18892:24773 2.23542:25214 2.2378:26297 2.25186:27846 2.28941:37983 2.30036:41543 2.33433:47862 2.34801:49181 2.35908:51712 2.36546:51854 
1191 787 1591 1831 1763 1337 1854 581 1126 480 1074 1596 302 1645 786 66 1142 658 1327 68 1945 1278 400 100 1574 1515 158 1053 176 1222 1245 1105 1067 17 142 1036 1976 1438 1915 1597 1154 251 1268 1432 1233 1910 1189 1846 1795 349 1623 1705 913 585 778 169 368 1667 114 1120 214 1533 716 1139 637 1753 1157 438 193 1495 985 1118 23 1350 231 1977 954 1346 1627 1784 1935 15 431 851 1020 1828 1033 314 1789 762 953 412 1538 154 901 805 316 1736 1692 1190 458 1731 183 1556 492 401 936 961 767 234 666 1766 1025 672 233 505 1996 185 1988 1032 46 868 278 1028 1271 664 1453 1902 229 219 1464 1970 488 244 1665 1244 1894 660 613 1614 1214 1653 860 1959 174 976 1175 661 670 1764 247 211 1181 464 1722 1312 641 1810 377 1680 553 780 1961 846 460 532 1153 1502 977 264 1791 223 1211 89 1040 831 373 118 35 1635 60 795 1790 1361 748 136 912 522 1347 70 1540 1461 1280 536 1114 1966 1219 1485 1932 530 1772 1598 1904 592 699 1709 1913 1662 789 812 1742 303 1353 1768 669 579 933 79 1847 107 1939 138 148 1163 498 946 1465 1813 1035 109 965 614 709 943 844 1857 973 1975 1745 647 674 1808 354 1425 986 755 801 1579 1793 1107 337 1160 304 972 572 1786 1381 1106 648 732 1987 1017 874 1969 1373 322 1726 486 682 970 165 1087 715 1492 357 642 1743 1156 577 834 1980 1203 525 394 1448 330 195 686 190 865 908 721 1562 1007 1604 1360 194 1552 1616 856 81 1839 459 1296 1542 1052 590 1703 1306 272 979 535 720 853 259 1258 861 1706 1250 470 559 380 761 310 751 1037 643 655 285 1944 1079 147 1340 1506 783 759 1229 1401 178 756 871 596 1647 164 151 632 25 1888 1919 257 673 945 143 1380 150 1210 350 1200 1659 161 688 704 117 82 1125 695 198 1424 1893 433 1384 462 667 964 220 1102 1951 39 747 312 903 1108 963 1661 1971 212 575 126 1151 609 738 792 444 916 1663 1874 1494 1023 1021 1395 1660 422 626 1805 1510 1652 1527 1240 1930 1690 739 340 203 1671 1916 73 520 1844 1584 446 254 745 1041 102 888 41 1100 1298 493 1814 1707 398 130 508 659 1594 1696 1463 1468 1849 1316 1781 1558 1006 1024 246 1664 1225 821 1117 1625 1732 873 344 134 255 1081 192 705 155 1478 944 1283 1447 1889 1799 1255 182 432 1121 506 635 1697 711 1083 1092 101 1452 1409 1917 1578 1938 238 221 1479 1140 895 471 1819 1670 845 1946 187 775 1449 1834 283 1199 1070 173 1303 727 261 932 170 1043 841 1059 1170 179 29 744 1413 1633 562 989 12 
minDistance: 2.36546
cost: 246733
capacity: 298744
time: 51854
maxTime: 60000
LS1: 5420/6698
LS2: 719/1278
LS3: 0/0
shakeIters: 537
shakeLoops: 49
