1.45646:215 1.94459:573 1.9783:811 2.05048:991 2.06334:4206 2.11096:4576 2.11432:6289 2.11941:29602 2.1336:29794 2.14848:33380 2.16803:35956 2.18627:36177 2.23542:39297 2.24846:50299 2.25186:52402 
1148 373 1853 732 1857 410 488 101 888 1233 1160 1670 1552 674 1361 118 1920 1153 632 70 1032 688 1154 1937 1588 844 194 1095 173 178 310 401 49 145 913 290 1280 138 1120 670 446 1045 812 1156 821 272 316 786 1337 1241 380 220 76 585 716 1283 525 1988 1250 192 1219 1709 183 438 1346 179 1743 1487 520 73 1100 745 255 212 1306 1189 1418 1745 169 174 1781 946 1753 1316 909 1789 314 1079 1976 1824 1647 462 1303 1271 1799 1413 261 362 109 1213 885 46 377 136 100 602 489 48 762 755 1915 1106 1307 1932 839 1944 1432 783 238 1111 963 658 1480 154 131 1181 522 1190 1485 1926 530 1502 1438 1913 108 1140 379 1092 130 371 254 177 1667 82 1037 846 1425 1707 1935 113 1105 506 912 1916 1795 787 751 950 964 1000 1938 1888 1578 1660 158 459 1210 1616 498 1703 833 1517 294 1989 413 1680 1 1369 1360 1665 1087 1763 1809 666 659 655 619 1772 895 1075 1839 853 221 535 211 1957 1152 1813 644 1053 1401 1107 1055 714 1244 431 1644 780 1816 943 205 1726 337 868 493 845 1971 791 1384 1014 1461 954 669 1826 89 766 739 1199 961 1175 541 1135 1211 901 1812 824 1597 134 622 699 1951 805 1245 68 1975 17 834 1063 995 1259 1448 635 1992 283 903 715 1453 1222 1569 1118 257 187 748 219 1796 778 945 592 1653 1624 1269 422 1258 1083 1662 1891 1468 1510 1598 394 1170 114 1268 1464 1043 1768 90 1755 953 1928 1416 841 102 613 538 1854 1157 789 1006 1706 400 1605 471 304 1350 1203 1200 1036 302 705 1803 1731 245 19 51 1738 107 1790 1697 1139 600 402 1844 559 695 1347 1248 642 1240 1808 1834 1577 1904 1193 1902 303 1449 1228 641 721 1659 412 1424 1561 457 1033 1003 1919 1214 1917 1722 1455 709 1584 660 247 1494 1040 1556 1977 1604 1959 1849 1814 1506 1161 1229 1191 1142 60 1527 322 23 343 117 15 223 1235 664 1278 1174 492 989 908 364 1515 744 164 150 199 1340 887 486 861 266 1256 562 1452 66 368 761 851 673 1961 480 1255 757 704 933 1966 278 825 1805 614 979 1017 1930 1806 759 470 1298 1910 1463 1764 1579 1479 251 151 898 972 1945 1114 1996 1606 790 976 1146 1819 801 1846 1495 233 259 285 856 25 577 795 234 1791 1081 572 143 1126 503 1889 1696 873 667 1594 1151 1124 1970 1090 1108 970 756 214 505 865 647 916 1664 198 210 1144 276 1810 185 965 1540 1296 836 1024 1538 1623 1562 1635 590 264 682 609 190 508 1784 28 1894 1376 874 1067 1465 1542 1641 985 1471 1009 1828 1478 312 126 1980 596 472 1671 720 170 1645 1059 249 1574 433 81 1831 385 1554 986 643 165 451 1409 1121 637 
minDistance: 2.25186
cost: 246763
capacity: 298795
time: 52402
maxTime: 60000
LS1: 5643/6929
LS2: 733/1286
LS3: 0/0
shakeIters: 538
shakeLoops: 51
