1.40056:113 1.45646:271 1.45673:447 1.85783:893 1.92692:1197 1.9783:1511 2.00018:2011 2.05048:2224 2.0712:2526 2.10103:3151 2.10827:6224 2.11096:10577 2.11432:13599 2.11702:37180 2.1312:39272 2.1336:40550 2.14848:44060 2.15687:46340 2.16636:49697 2.16803:53495 
247 1268 451 238 1971 1296 1823 185 1157 1671 505 1037 1959 901 102 773 385 1889 1975 1854 498 590 1904 972 1784 100 46 787 976 1024 592 1125 1813 886 1594 480 211 1260 1478 801 958 567 1556 136 312 245 1930 596 285 1733 1006 1424 1902 813 1995 1961 1832 1038 214 1487 903 710 1966 699 355 1703 488 1663 1106 89 643 117 1170 459 766 1219 90 673 1485 846 647 39 1160 1519 1250 1185 492 1745 380 535 70 780 223 964 151 792 912 1563 1738 1214 1696 953 1562 1616 1240 759 635 444 659 1635 66 1280 76 278 833 1660 672 860 1222 506 1645 979 1996 557 1028 176 1587 1070 865 614 970 1591 1429 1499 257 1050 1546 962 821 1755 1644 888 107 234 1796 732 1667 79 384 823 1625 489 1552 1316 641 963 1461 1919 1977 778 1399 1768 360 1155 873 734 715 1588 343 1048 1839 711 1059 1465 1772 1846 1300 1090 871 387 1360 1447 28 1356 667 1043 219 853 1799 165 1244 755 985 709 1191 27 49 1659 1373 255 1449 24 31 174 306 178 1142 874 1340 1670 1495 158 993 661 1095 1653 1684 1913 1522 1118 688 1256 303 916 1548 412 856 340 1888 1323 795 1857 1849 525 1114 761 1647 1283 130 1199 1753 344 82 1574 1664 1258 1203 260 1705 1464 520 572 220 277 187 1190 1707 362 1702 179 579 1347 283 1327 1938 170 933 457 210 1791 1604 1438 1527 1812 1819 1346 1576 745 791 786 664 1680 744 1623 834 463 508 1917 1074 1828 585 1706 1592 1538 1764 192 1306 183 600 1105 1884 314 1781 126 575 538 1726 173 1463 1935 756 721 1783 1053 1409 404 720 522 1 261 1154 194 1361 983 1793 1727 1561 1233 870 368 1298 1197 1797 1271 1067 883 229 807 666 17 1479 1087 246 619 1766 1236 131 109 304 169 704 401 674 1598 989 1597 1763 1652 1530 632 827 705 259 908 861 1944 1480 1569 1017 743 1584 460 15 1810 1795 1709 1732 1722 1033 1102 244 190 233 1418 1163 101 1882 670 1847 198 1086 118 658 113 1665 1023 1893 1151 1200 1789 757 1175 1156 1945 1079 1020 377 687 1510 1229 812 739 1506 1824 768 1032 1515 660 751 1225 552 1502 1245 1002 41 1384 1003 386 1075 1468 642 1988 60 251 749 1303 1413 1992 1974 793 1121 716 329 1885 1805 263 1242 212 1790 1139 1153 1540 254 1189 1380 1504 824 68 588 1144 1980 1193 1448 1259 164 944 943 19 182 895 1826 1000 868 322 1092 73 945 217 783 1337 1419 191 1954 398 310 486 559 143 127 138 1040 446 1808 333 1630 264 431 1181 844 200 145 195 1350 1579 1779 1211 1401 23 1120 161 1432 961 965 25 1041 114 1577 1354 1228 154 1743 1770 1844 1456 1894 1831 134 1218 155 1834 748 1814 1178 1803 986 1910 1976 422 493 1786 
minDistance: 2.16803
cost: 246789
capacity: 298742
time: 53495
maxTime: 60000
LS1: 5322/6488
LS2: 597/1166
LS3: 0/0
shakeIters: 549
shakeLoops: 52
