1.45646:174 1.45673:350 1.85783:716 1.91973:870 1.91995:1070 1.96415:1181 2.05048:1392 2.06334:4833 2.0712:9638 2.10103:17386 2.11432:17686 2.1312:25364 2.14848:26123 2.15687:32826 2.18627:33494 2.18892:33780 2.22997:36297 2.23542:37380 
1185 1732 614 1261 438 1120 100 1153 46 444 39 769 1190 90 912 462 1854 1086 522 410 1556 852 1813 406 557 312 1053 1024 1552 834 422 234 229 1228 1814 833 943 660 1014 1409 1487 1142 143 1888 1810 213 101 302 659 1074 109 635 841 385 979 1992 1824 626 1579 1768 928 276 903 1156 244 1043 1966 642 977 535 255 1857 412 933 709 786 1935 1036 1670 643 17 1510 1432 1705 732 1828 151 669 1791 219 1033 1882 220 118 221 401 1578 812 1917 622 585 715 304 1163 688 739 1753 380 745 158 1384 126 154 170 704 66 641 138 233 1506 130 1561 1874 1233 107 506 1641 1191 1596 446 1371 1463 503 1667 1844 1796 856 1105 1041 1465 1152 1045 1225 714 1799 908 81 183 851 757 19 164 1170 1111 666 1784 984 1594 194 1790 198 1938 1296 1449 1269 751 1495 567 1502 1738 1245 532 821 310 1106 1108 1684 1200 847 1920 261 1945 1680 400 82 272 1009 185 1059 314 844 1340 1645 1764 285 592 895 1598 1413 1067 1959 25 498 756 913 989 1494 165 486 649 824 1527 333 1118 1203 457 1894 23 618 778 1114 1766 1381 1090 187 1653 865 1181 1478 1222 1805 364 520 212 525 136 953 1139 173 169 179 744 1244 958 673 178 336 945 667 1910 846 362 748 1975 545 1588 1736 1839 1893 1745 602 1125 1795 1313 1616 210 1418 1218 572 60 1849 1121 755 787 1781 1113 1160 1819 1391 1664 402 1199 318 1971 1175 1035 1703 49 1107 963 1797 288 15 985 1211 277 1157 68 1969 458 1240 1438 1360 1461 699 946 368 337 1755 257 604 530 797 470 590 1492 783 1661 1763 1801 1574 1337 761 1250 1214 1562 823 70 1789 431 131 1803 278 1117 238 780 609 552 682 1380 976 73 1079 1584 1660 1032 264 175 1887 861 1690 1597 451 1516 972 648 836 1623 632 492 1731 1727 1361 508 114 1540 459 1548 600 371 1499 488 1007 986 839 1087 1915 1179 1229 759 725 1538 182 814 1591 1665 316 129 192 789 871 1303 1468 1 650 1604 91 978 48 214 480 559 1706 1193 1429 720 711 886 1453 801 805 493 1569 920 898 1996 964 1006 249 767 874 188 1808 1256 338 211 1392 117 868 283 1154 1980 1662 970 251 1772 1242 1726 1503 247 596 373 1951 961 1671 254 1846 853 1952 1913 259 1280 1003 1017 1271 1258 613 1049 417 1942 163 1268 1260 223 647 355 322 888 1425 1151 1219 113 1513 1530 193 1102 1037 873 1346 1350 1515 1255 664 102 901 205 1659 1140 1926 1696 1480 1831 710 705 1889 577 174 1697 326 145 537 579 1283 716 1083 1904 134 1356 538 1695 916 1644 670 1944 630 1401 330 303 1485 1988 1742 1932 1300 89 246 1347 1976 1743 260 429 1707 1092 1722 
minDistance: 2.23542
cost: 246748
capacity: 298756
time: 37380
maxTime: 60000
LS1: 5708/6990
LS2: 731/1282
LS3: 0/0
shakeIters: 533
shakeLoops: 50
