1.40056:117 1.45283:485 1.45646:574 1.68062:911 1.85783:1234 1.94459:1592 1.95295:1938 2.01201:2160 2.05048:2302 2.06334:2458 2.0712:3972 2.11096:4270 2.11432:7507 2.11702:13941 2.1336:16268 2.14848:18002 2.16803:19979 2.18627:21233 2.22997:22930 2.23542:24177 2.25186:25273 2.28941:35298 2.34801:51679 2.35908:57120 
1271 861 1946 1667 1980 1814 1797 49 130 522 682 1731 1461 89 667 173 590 1932 1987 1032 1330 720 107 145 1975 1745 1168 1988 185 1182 401 1625 602 158 1043 1361 1279 1839 176 1703 1945 312 136 632 844 1432 1146 1709 1494 1219 314 1574 170 457 25 609 1844 1872 254 1772 1140 1007 1790 748 1917 126 1193 183 759 1556 778 1303 1813 64 1562 1492 261 1653 198 558 1087 1496 1591 1108 1075 552 1604 801 1360 410 179 660 834 272 1764 751 739 337 1645 114 1017 577 913 716 525 1170 46 1409 357 1028 1563 164 1479 721 349 260 1328 725 1951 1261 1296 670 1024 460 190 378 19 15 1373 644 1139 1105 1596 661 1175 1597 377 953 1902 1346 398 322 82 1665 1454 1190 1824 1083 1552 658 1623 1127 1598 647 251 1120 438 402 1793 1384 1796 795 916 1203 102 1191 630 619 1269 1660 895 961 626 1662 792 711 340 1707 868 744 874 732 1449 709 1214 1487 127 1644 1250 86 1306 989 1706 1935 117 1977 1944 1102 1447 118 257 1808 1256 664 68 246 1670 412 1009 787 219 1690 856 1135 1527 954 944 1086 1888 1037 1014 943 1661 1779 613 508 1510 614 150 214 853 1974 66 432 1616 174 247 302 178 1868 1337 964 699 839 1795 908 212 1350 1970 1763 488 1199 283 1928 229 1020 498 1854 871 705 812 1539 1121 1151 344 1799 1126 70 184 233 211 1381 1189 303 1154 1819 1664 1464 1465 1280 1930 1874 530 1478 643 596 134 364 285 304 1240 1942 1495 898 444 1910 1959 1697 1966 1181 1340 1971 100 1413 1225 1893 1894 1033 1211 783 192 1849 1485 1258 1857 1684 380 672 1651 394 579 755 957 1913 1938 659 264 865 979 422 462 493 244 581 1803 1540 1053 1569 641 17 1594 967 1768 1152 1125 715 1222 1538 933 1058 912 846 1506 904 1006 635 1502 946 1178 1045 193 154 419 1163 1283 1233 888 1593 169 1025 666 514 914 648 965 572 1092 1554 73 245 553 1401 142 143 1298 1766 1584 1424 486 362 1826 316 182 1791 710 1727 1652 1255 1070 1463 1548 1976 1831 1846 1810 695 1448 343 985 506 1789 1579 1210 1889 1106 451 786 385 756 1160 1732 1067 559 1111 1948 704 76 1153 138 1743 535 1834 210 81 1040 585 642 1059 873 807 901 841 1425 520 129 903 243 333 1185 1347 1316 1722 1828 1438 1926 745 833 1244 650 1696 238 60 986 538 223 976 824 821 220 131 669 1117 259 472 23 165 1136 109 762 1229 1114 446 459 1268 65 1784 480 1588 592 1680 1453 1519 1515 35 1726 194 1259 1041 1996 1074 1937 588 1781 945 492 1079 1671 255 1753 688 1245 1904 187 458 310 649 780 1200 391 963 1392 673 1142 1659 1468 789 1118 793 
minDistance: 2.35908
cost: 246788
capacity: 298733
time: 57120
maxTime: 60000
LS1: 5119/6306
LS2: 648/1187
LS3: 0/0
shakeIters: 515
shakeLoops: 47
