1.68062:292 1.94459:675 1.95295:1082 2.05048:1755 2.06334:2456 2.10103:3589 2.11096:4782 2.11432:4948 2.11702:7026 2.1312:7345 2.14848:7447 2.15687:7707 2.16803:9980 2.18627:10609 2.18892:13797 2.22997:29043 2.28941:31092 2.31148:48716 2.34801:49112 2.36546:59076 
1427 1944 169 380 422 1219 304 363 1003 338 233 1014 1200 158 1170 1346 1745 1824 1726 1298 130 1882 626 325 459 1791 247 914 1105 68 1032 73 590 976 432 801 1033 259 834 946 944 732 1604 577 174 1465 1515 1556 710 871 1754 1120 658 1797 1845 970 1772 245 1181 839 1703 205 400 1647 1753 1788 525 493 1384 1527 895 508 1092 127 1548 1849 25 1108 1191 945 1988 1513 1779 212 182 1461 1107 1660 1814 1453 901 446 1448 748 682 503 1487 1360 412 138 1678 1138 534 1764 1485 659 229 791 786 486 1945 1229 933 1190 1799 1959 1432 825 908 255 283 559 737 1913 912 150 114 711 835 1233 1926 1007 1210 704 1738 1040 60 1578 989 1662 1645 643 1156 1623 1244 766 1664 520 1006 739 1199 362 6 312 1563 1706 113 419 649 1826 1970 1996 1615 219 82 1857 1090 1731 985 1980 1303 1961 46 1889 1554 552 1258 1667 943 107 1121 1813 117 1283 1468 1846 1951 847 831 314 295 1966 642 134 1793 522 1157 1074 457 142 762 1784 438 1316 821 647 1659 1256 715 1540 410 1697 1562 24 1154 874 720 102 109 1306 672 833 1976 333 1017 488 1425 1502 1496 856 1533 302 1075 250 1211 1695 1280 303 1125 1 1680 1795 1225 1390 1189 613 920 780 244 986 385 195 778 705 844 1000 795 667 836 23 1139 187 1271 898 916 238 1930 178 1743 963 1616 744 79 66 913 1935 1070 619 516 1932 843 458 841 1041 1917 364 1598 686 211 136 1245 684 585 1506 721 1705 469 1766 853 868 1868 1361 1140 1220 1510 596 1763 1478 165 322 1114 1904 581 214 1584 1542 1087 964 223 953 1340 1707 673 793 1495 1755 1464 1888 1552 755 1106 143 1902 1919 725 70 1438 1059 260 861 185 761 1635 972 391 846 1126 699 498 1163 632 783 39 961 86 193 1670 210 129 641 1831 572 264 285 527 962 176 1894 812 1381 337 377 1596 173 1160 278 903 1095 126 1722 17 1569 1037 674 194 1102 789 1854 1783 709 530 480 1174 873 1844 151 579 1086 664 614 984 1579 1312 100 164 1117 751 670 666 402 769 535 695 1684 373 192 648 688 1819 154 467 1538 1337 1175 787 1193 545 1588 1696 1987 932 865 1413 650 15 1732 1043 444 272 767 551 1796 261 1975 1067 179 492 979 1910 170 1653 1401 257 203 343 1053 1789 1591 635 1214 220 1808 1790 1709 1118 89 1781 1136 159 198 1350 1020 118 954 462 1923 1409 1296 838 1449 316 1893 310 1250 1142 977 1594 464 792 1203 506 1839 1671 823 1463 1151 588 340 759 1028 1083 738 1347 1111 1009 81 1153 41 1768 1810 1574 184 251 609 1353 254 1652 1828 234 
minDistance: 2.36546
cost: 246792
capacity: 298757
time: 59076
maxTime: 60000
LS1: 5824/7047
LS2: 648/1223
LS3: 0/0
shakeIters: 555
shakeLoops: 48
