1.45283:211 1.45646:382 1.57024:2674 1.91995:3038 1.94459:3247 2.05048:3874 2.06334:4841 2.10827:5211 2.11096:5447 2.11432:5663 2.11702:7041 2.11941:11129 2.14848:11257 2.15687:15992 2.16803:19240 2.18627:19487 2.18892:21645 2.22997:31112 2.23542:31195 2.25186:31538 2.28778:41077 2.28941:43121 2.30635:43281 2.34801:44647 2.35908:58456 
1992 1635 659 1361 1037 1337 1661 113 344 312 1092 833 1652 246 873 1136 1384 109 989 954 126 590 1114 187 1562 1200 1401 1189 1893 1882 233 488 1745 856 1976 1726 1006 1250 901 165 432 1579 609 1857 322 1086 626 868 1170 643 79 1670 82 1311 212 1594 1121 257 1151 1920 48 1070 655 1959 245 185 131 1453 1945 1347 1448 1763 1510 1627 190 1680 1519 183 766 1040 841 150 1616 1713 1461 661 302 1175 1157 977 1156 1095 138 177 1007 17 1297 1152 1214 888 1447 364 1854 938 66 551 310 783 198 1185 1910 908 522 446 1556 585 1803 272 1894 472 64 1036 1974 751 15 572 1059 1271 498 688 1996 1791 1222 1961 1225 193 1584 179 100 1495 898 721 1647 1665 744 460 1346 1917 1988 1365 699 368 903 1003 1588 31 1598 1831 846 1548 1766 1199 1117 592 787 1303 129 158 1233 861 745 244 251 767 1438 1283 1540 914 1846 933 1032 1944 1373 909 1142 1160 1970 635 1614 1789 1764 1645 705 1219 827 1506 1938 1596 1926 1808 1463 283 847 709 39 953 1700 673 1753 114 839 1529 1552 1255 438 1240 641 1696 1041 67 285 1075 805 290 596 637 732 1913 1755 81 14 1296 807 384 178 192 1479 1191 1604 795 1786 314 838 1118 979 1902 1432 1980 49 329 670 530 1395 1081 681 943 1632 89 1145 136 1597 1662 1424 844 1591 895 739 1935 1574 1023 223 658 385 261 871 1413 1211 1664 912 1261 1633 761 650 978 1805 1889 961 19 1810 1625 1468 1697 343 1485 672 664 1659 154 1844 710 1268 793 642 1050 211 1449 219 715 1828 853 1244 377 174 1107 1849 821 1975 1105 330 493 1722 614 946 170 70 401 1259 220 143 102 1127 579 1048 801 194 1017 304 860 46 1053 1033 1020 986 1203 176 1977 35 164 412 255 720 577 73 1278 1593 1972 1671 748 932 824 525 1784 1043 400 1663 647 68 1369 559 667 940 1154 1106 1623 1505 151 1779 588 107 716 260 1316 1706 1139 906 169 1768 214 1464 464 520 25 1083 1667 1703 161 759 792 1515 1465 1494 1067 1813 303 1340 546 812 965 118 874 964 247 163 780 1569 1796 431 1126 458 505 976 725 234 1743 506 535 1819 944 1966 1306 1740 1360 1024 492 1409 316 1153 1502 1210 1140 791 444 23 1954 904 1814 508 1563 865 1198 459 1258 1527 1707 695 1587 380 1063 1190 1487 1425 1888 1781 173 259 756 340 499 916 1724 1578 1904 632 387 480 1799 648 666 1125 486 1028 1839 1901 1074 963 1229 823 117 410 1256 1478 789 1824 1709 182 1087 1795 300 205 422 254 786 1790 985 1159 704 362 454 1269 1025 1120 755 1181 451 1971 778 1538 229 238 1280 1653 60 264 972 1350 
minDistance: 2.35908
cost: 246772
capacity: 298738
time: 58456
maxTime: 60000
LS1: 5282/6515
LS2: 691/1233
LS3: 0/0
shakeIters: 517
shakeLoops: 47
