1.45283:114 2.01201:916 2.05048:1800 2.06334:3399 2.0712:8304 2.11096:8433 2.11702:8727 2.14848:10174 2.16803:10635 2.18627:10737 2.18892:10907 2.22997:12265 2.25186:16144 2.28941:26055 2.30036:26179 2.36471:30165 2.36546:36421 2.38448:49814 
984 1640 1280 1487 1312 212 173 579 715 1095 557 1424 649 1945 1303 405 1980 1784 1970 261 1831 170 660 1513 916 745 1894 1644 664 1121 1766 174 588 1496 318 860 873 903 438 114 943 1576 874 1753 714 1584 961 380 1043 39 1604 1019 1126 400 786 264 985 1696 912 23 68 245 644 1053 755 1743 1538 1976 932 1868 310 278 1003 1059 113 1111 486 1882 1796 1193 118 1151 1215 1931 100 730 1200 609 1448 1598 682 1412 480 446 1662 1667 290 1902 626 1910 933 1672 1125 637 805 220 1142 1783 29 1588 847 1139 1660 193 1975 1819 191 1159 82 787 888 402 822 1705 1664 1703 820 1007 1360 1340 178 643 81 856 687 1024 834 1904 1250 1926 155 1824 946 48 246 1506 512 898 86 954 1726 138 1814 419 1558 1808 635 759 795 695 257 238 1017 1951 164 1296 1032 1153 1768 614 1799 17 460 1578 1346 801 1709 488 1707 1616 492 709 1889 1260 1255 1915 1175 1409 1502 126 1384 205 1846 1971 720 1240 1107 283 109 1948 1306 1259 1298 470 223 944 1614 1790 432 1849 344 666 970 1199 182 364 673 1995 1327 619 394 73 203 1670 1731 1754 1211 1154 976 824 165 642 368 1160 895 1014 1067 1181 1591 1596 1959 1136 1316 41 158 648 444 401 134 1401 1552 778 506 1671 451 1974 551 789 1795 1157 1935 793 522 89 285 1779 1028 1210 1478 194 721 198 613 732 322 1944 1083 1244 739 535 1803 1037 1594 1510 1464 1722 1764 1932 979 1574 1515 938 1009 658 142 1540 15 1233 472 632 672 1337 1471 508 823 667 1006 169 143 459 705 244 868 841 458 1495 1191 266 211 1081 1033 260 1966 1593 498 659 1917 457 1465 846 1913 861 187 1810 530 391 1245 1791 572 1438 1140 1813 46 337 66 1653 963 914 792 1108 1996 851 1203 901 190 303 1070 412 249 49 1857 1256 766 251 1283 259 1251 1928 1661 1826 670 1170 1041 592 1087 1229 1992 1268 725 1854 845 1225 688 1214 1361 853 233 590 647 1569 908 373 102 1781 962 1851 1706 294 716 1964 520 751 865 710 929 340 1347 1189 263 1449 975 1562 1485 1847 79 1625 115 1330 1635 1463 1659 1527 1152 176 1105 525 1988 711 762 1190 674 989 964 1684 1680 254 699 272 101 183 80 821 1772 1086 316 185 314 1938 247 538 768 1425 1092 704 60 1623 219 1219 154 304 377 783 1432 1977 1652 1517 575 1745 1647 1920 1724 255 117 744 1556 1695 724 835 1114 1222 136 90 761 1118 953 234 585 1002 1844 192 1461 641 1413 812 1271 70 462 177 1789 1763 1645 748 844 1106 179 1888 1350 1954 1828 422 1023 986 827 1633 493 1120 214 1579 1736 780 1468 1163 
minDistance: 2.38448
cost: 246713
capacity: 298735
time: 49814
maxTime: 60000
LS1: 5866/7115
LS2: 693/1249
LS3: 0/0
shakeIters: 538
shakeLoops: 50
