1.45283:155 1.45646:332 1.94459:843 1.95295:1244 1.9783:1478 2.01201:1905 2.05048:1991 2.06334:2915 2.0712:3016 2.07345:3294 2.10827:3852 2.11096:4319 2.11432:5583 2.1312:36375 2.1336:37724 2.14848:37951 2.17865:42992 2.18627:44128 2.18892:44404 2.22997:45652 2.25186:48935 2.32482:55384 2.34292:57943 
422 978 659 1037 247 89 1200 1662 783 1193 641 916 66 1661 245 432 963 944 107 460 1945 873 780 710 23 1199 637 1768 492 1548 748 283 458 102 238 664 953 1975 1017 1834 970 1846 1036 198 801 195 126 1409 1214 316 1495 1139 912 340 1835 856 1753 81 1154 535 1819 851 577 15 344 1092 1587 304 972 377 1926 25 1255 1250 1976 322 1645 192 433 364 522 661 138 1251 1086 768 841 185 35 1831 1736 1799 946 1510 73 131 380 1847 744 314 674 1211 1653 1996 720 1296 488 1014 1604 1256 538 233 1153 1346 618 169 1632 118 223 14 400 1278 1142 592 211 70 1726 596 285 130 680 575 1889 938 716 609 1893 525 1478 1079 807 585 933 649 1316 472 212 1416 480 844 965 861 1380 1667 486 1920 852 272 1006 1087 1203 1888 1764 1855 1449 368 1494 1745 821 303 860 1453 613 1795 513 1144 1690 177 19 1024 607 1779 1731 792 903 471 1196 516 259 1063 1361 1703 1229 695 173 787 1170 1391 1814 325 725 1625 1283 1189 986 751 553 1157 349 1569 686 839 182 666 1191 251 989 459 1059 82 846 1615 1709 1562 614 1120 1824 1485 1910 470 234 1506 1432 136 1805 715 672 670 1081 874 60 1222 467 730 761 199 438 1337 1244 537 795 1633 1067 1125 908 943 985 1980 759 1623 705 1151 410 1670 1763 658 1114 559 865 183 704 1987 1175 1209 833 1070 1671 1240 1140 174 184 387 1236 220 401 527 1727 1106 1538 1009 1766 29 1593 1033 711 219 1298 1515 1121 1809 100 1660 454 1784 655 675 1447 1330 1706 835 86 1894 337 1399 1696 1095 709 266 1913 444 1552 179 901 642 154 929 579 391 190 1680 1652 312 350 789 46 24 1588 1360 1970 1448 1813 1487 158 1108 782 68 1233 520 1659 165 906 732 626 1468 1160 446 1937 565 650 1828 1340 1722 39 229 1126 1401 1810 932 117 498 1793 178 457 1932 688 1373 254 1271 1269 1732 632 1105 464 506 961 1464 1714 1413 1803 1857 255 1791 1303 647 1849 643 964 778 914 1664 1917 699 1957 1219 572 187 868 1043 1796 1904 1347 1790 214 1178 1781 17 1465 1032 1053 1210 1258 1190 660 499 976 1948 962 1556 895 824 1616 367 1090 1594 302 622 1102 1384 194 1707 246 669 853 1198 723 1574 1235 1826 590 954 1350 1598 1425 1635 1040 1988 1502 1647 1596 1665 1463 834 1479 508 635 249 1902 737 1584 1966 1159 1959 1789 1540 1280 493 164 51 278 1928 1107 170 1743 667 1844 1839 1181 1118 261 310 1225 1944 455 357 1438 176 412 1579 945 1755 827 1935 1028 76 114 1007 673 745 1597 1527 1461 
minDistance: 2.34292
cost: 246779
capacity: 298745
time: 57943
maxTime: 60000
LS1: 5453/6576
LS2: 552/1123
LS3: 0/0
shakeIters: 548
shakeLoops: 51
