1.45646:115 1.92692:591 1.94459:768 1.95295:1279 2.05048:1442 2.06334:5113 2.09077:5479 2.10103:5566 2.11096:6808 2.11702:6965 2.16803:7277 2.18627:7451 2.18892:8860 2.22997:10267 2.23542:11253 2.25186:15226 
1167 1337 343 1857 1090 1365 1256 552 1709 1298 186 1808 635 812 101 1210 1114 667 1211 622 212 1597 173 480 1175 1569 380 1317 1447 901 302 1882 626 1142 391 964 1563 1513 401 158 995 619 1050 1584 185 17 1229 1596 457 81 1 1485 1190 759 1805 572 1118 459 489 1591 807 506 25 214 1810 1919 1790 786 520 1014 46 1453 704 1726 488 860 1662 154 82 1401 801 648 70 192 109 1915 1926 107 309 672 174 1105 977 255 1932 983 1059 1920 1503 986 195 1980 961 182 695 932 1763 1743 673 668 757 23 1917 1269 1007 732 836 1222 989 134 303 251 641 1157 1017 1151 1154 873 1616 272 90 1181 1740 406 66 1652 1988 1409 1870 675 283 187 1244 1160 1951 1480 1938 1350 609 355 1418 833 1667 175 1107 333 1106 1819 688 1606 190 1432 666 723 1753 170 1279 151 1814 1465 913 458 1846 715 824 1193 1661 24 1120 1796 525 19 562 1527 379 1809 1853 886 461 1913 363 963 1009 1495 316 1548 1479 761 1644 1449 130 1854 1598 142 1135 1040 1703 1024 1245 841 1556 35 643 1073 1053 778 538 1971 874 338 1424 1381 1831 725 1346 787 419 1340 1614 1959 1793 1412 853 1987 809 76 1354 1935 238 976 744 908 314 138 1081 177 1228 888 1037 179 259 394 958 946 756 1347 1087 1887 492 1706 322 1384 1889 498 847 537 89 1199 1140 950 1647 642 261 1189 223 805 647 164 1464 845 310 659 1828 856 1839 234 738 1111 1665 245 233 1263 1283 709 1784 868 1754 1117 422 349 943 1170 1095 654 1261 1361 780 1218 1799 1033 953 402 1200 39 865 1574 330 1487 364 1974 1219 1413 1766 1542 1578 1102 1996 340 1697 508 1515 165 1067 940 739 400 1191 247 68 1552 1803 1680 1683 1463 585 446 371 748 1041 1944 1653 1233 1696 194 912 682 1745 1375 530 945 1425 933 1772 1494 285 1623 288 1670 126 1690 844 1510 632 664 1130 73 114 60 220 783 970 614 795 821 1594 1641 221 1502 1714 1268 100 1910 1156 1579 1844 1824 1894 1977 871 150 699 362 493 1139 1373 1374 412 1250 1671 613 1888 660 244 810 686 1768 895 600 129 1499 861 155 1144 246 198 916 118 1764 15 1791 86 1240 581 1125 312 1461 1970 1438 387 596 433 649 590 985 350 136 1032 1034 1604 903 1540 1092 1468 1153 1659 846 229 1550 710 260 1975 1138 751 535 304 503 1391 1795 1664 1976 1006 1271 1945 1635 705 257 211 559 1961 661 808 1727 1043 1874 1529 1849 1904 1847 143 1063 1296 1121 1152 789 962 762 669 658 592 820 935 670 1478 219 117 169 1732 1966 1159 438 254 1214 1258 711 1645 1280 1462 720 1562 551 486 1360 1074 522 1448 1789 200 
minDistance: 2.25186
cost: 246780
capacity: 298735
time: 15226
maxTime: 60000
LS1: 5111/6331
LS2: 638/1220
LS3: 0/0
shakeIters: 566
shakeLoops: 55
