1.40578:151 1.56093:388 1.82915:726 1.84872:1077 2.00638:1265 2.02745:1878 2.0375:3713 2.08637:4198 2.11578:7868 2.15083:8262 2.1659:8352 2.20443:8578 2.23175:8756 2.26633:12832 2.27884:16386 2.32309:20189 2.32402:22649 2.34375:22785 2.35289:24917 2.3671:25732 
1513 574 470 852 984 1419 295 1937 402 1538 882 314 1313 1562 1722 895 1656 278 1306 233 324 1097 1130 768 1075 1978 498 556 1573 1594 1703 1996 584 15 1219 58 933 1190 1546 350 1400 1786 130 472 604 388 698 1435 117 38 492 36 1432 446 913 1192 1040 1660 94 431 1271 175 82 1086 766 976 1296 1120 847 699 1976 939 1724 184 1226 1915 304 308 1017 1350 322 705 1846 906 1789 1200 965 1024 1032 1600 530 1185 9 1114 154 73 1464 70 1783 434 384 236 1202 1707 820 1913 1533 1556 744 299 1165 41 778 1713 168 396 1368 756 1712 138 264 1316 455 1347 824 372 962 1463 165 647 179 958 1081 380 963 1320 635 1960 1955 1070 1160 1735 1399 1988 1073 1105 1138 562 303 1796 830 593 1874 714 1608 637 1734 943 1250 717 247 292 344 1053 187 552 1 1361 1956 754 1063 272 1790 1476 1373 1175 248 1037 1494 1849 1808 642 337 1623 221 1448 212 1153 964 238 1810 1222 1733 1240 95 916 585 1812 681 1416 261 1181 503 1261 170 1441 1659 386 807 1604 792 649 1103 174 234 134 945 997 1750 488 873 1461 1288 748 276 662 126 1465 537 817 755 673 210 44 1007 103 259 1730 1653 1251 3 417 897 1868 459 1273 1091 800 1745 1413 1615 1926 814 1323 164 379 1059 1799 1418 606 1764 1974 1893 1805 214 1587 749 1095 732 1092 809 737 1481 1885 327 312 667 192 686 614 1771 1879 1142 1844 1797 1578 113 1510 222 1910 522 851 1449 460 577 288 1067 1199 1829 1477 1851 1652 266 1888 650 643 161 1502 1351 25 1497 1163 39 115 723 536 759 868 1245 1980 1631 1325 1183 363 211 1208 1731 136 1788 1959 1927 910 1084 114 1726 789 1526 682 1763 1965 764 493 1274 1552 1540 1100 1209 435 1499 729 658 1191 1548 1593 373 1151 961 60 821 1009 950 1834 831 709 310 1633 1753 774 1747 1828 675 13 761 1793 1584 1409 572 139 1156 23 610 151 467 1971 1170 143 1842 1784 903 1453 1696 1338 444 182 265 1479 657 219 1121 865 167 144 100 1625 827 1196 1665 340 1709 107 715 420 1229 410 68 64 1743 1664 86 1244 710 1880 123 1480 890 1661 1043 1468 412 1401 307 1702 1478 1760 508 1925 1809 775 1815 1619 989 1517 613 1118 1766 745 1831 90 609 953 244 1698 1632 1822 1475 1106 1942 206 912 285 1278 1845 34 880 1049 306 254 970 853 1706 551 112 183 1865 669 1932 1159 954 888 1384 480 231 1781 835 1460 1386 1609 757 739 178 1935 1087 1525 721 1211 861 1966 844 1495 787 1438 520 1928 1970 780 901 783 506 145 587 674 1506 986 120 1010 1031 1492 1826 255 101 483 223 559 319 1309 618 553 716 1090 59 1813 1682 66 
minDistance: 2.3671
cost: 246769
capacity: 298748
time: 25732
maxTime: 60000
LS1: 7904/9138
LS2: 679/1234
LS3: 0/0
shakeIters: 535
shakeLoops: 50
