1.24028:106 1.40578:198 1.82915:491 2.02952:799 2.08637:1211 2.11578:3330 2.15083:3665 2.1659:3753 2.19591:3991 2.20443:4244 2.27884:6414 2.32309:17313 2.32402:18655 2.3505:19892 2.3671:30840 
304 1513 976 310 1049 380 493 266 1958 844 1781 306 642 1401 965 1573 144 1682 660 818 963 643 635 1159 1510 117 102 824 1419 1292 277 314 1465 1679 1913 161 739 1070 1222 1849 835 147 1971 290 165 989 417 1633 1635 1151 651 675 1823 405 1893 1967 699 761 912 1587 916 903 1696 1745 506 508 1037 1495 1533 444 606 34 415 1010 1240 1980 1697 442 1086 130 303 667 1809 1989 1193 1160 709 1960 66 1625 1043 747 1670 714 1829 1605 79 971 516 783 716 868 657 1799 1784 136 15 1932 1059 327 1551 1604 737 206 572 721 385 214 839 1092 1144 1017 830 1584 865 945 1218 723 1874 90 913 890 126 1105 1175 1 1506 70 168 100 1698 727 1217 272 505 1140 261 1525 276 1865 1538 1432 101 584 1813 873 472 1386 467 1007 114 972 332 1824 556 1664 278 1888 285 1714 1889 1453 755 1796 1910 1091 1766 1623 1935 975 94 365 1197 1937 416 1340 1165 23 1477 1926 1814 1542 182 1024 1003 927 729 1413 223 1219 192 470 614 244 308 1556 406 1594 901 156 847 1779 123 1652 6 1851 1704 774 1615 1296 183 1373 577 1562 658 962 1917 825 73 944 1118 1073 498 831 1959 762 1665 503 254 1965 319 1153 1713 1970 1339 1200 1191 1790 1084 522 1810 143 1831 1053 255 1479 410 431 760 1847 1712 1657 1125 1653 790 1978 221 187 1261 1548 58 1351 1764 1306 530 851 1632 1494 778 621 587 1928 649 943 1763 1047 492 1142 1244 279 1463 233 420 559 704 177 1163 1000 1457 231 170 1743 222 174 1199 446 1350 1797 1192 565 744 412 764 553 488 169 1114 1468 1370 1530 780 1288 1492 1108 1032 1190 384 292 895 333 1624 1130 1540 175 1462 1733 247 520 125 1448 1755 1845 1828 1727 748 1478 961 1404 179 1550 1579 1271 717 1202 1113 357 379 1544 1735 1672 1067 567 434 1842 1063 1656 552 1181 1357 57 632 953 14 1300 1120 1846 1297 1706 789 480 1988 1862 1668 536 1992 814 792 1502 1750 1680 151 1226 68 1087 1885 164 1996 112 1882 1042 604 1853 1316 674 265 1627 705 1156 1795 1418 371 120 1517 1273 1703 1400 3 829 373 897 1622 1481 1461 212 1090 904 1854 64 1731 732 1707 1250 1805 113 1879 60 1822 574 958 933 1966 1121 984 853 1976 986 1384 841 36 686 613 388 888 1480 551 527 219 759 821 754 9 827 756 669 1170 710 766 1103 757 158 800 234 1798 1031 620 1229 867 1942 1834 1734 1074 460 134 1783 1693 1389 610 344 1659 1040 1252 673 1438 950 880 264 82 337 964 637 1771 1409 295 1808 775 138 191 1211 1196 1786 1449 1251 1582 1722 745 1464 1361 600 1228 322 1955 585 205 459 681 537 715 211 178 25 647 662 1726 787 107 861 1136 
minDistance: 2.3671
cost: 246768
capacity: 298734
time: 30840
maxTime: 60000
LS1: 7870/9136
LS2: 740/1266
LS3: 0/0
shakeIters: 511
shakeLoops: 49
