1.24028:101 1.56093:304 1.77388:588 1.82915:1002 1.84872:1343 1.95905:2354 2.0375:2445 2.08637:2579 2.11578:6086 2.15083:7382 2.20443:7573 2.23175:9415 2.26633:11854 2.32309:14197 2.3505:15123 2.35289:18711 2.3671:21300 
1538 255 1448 761 662 737 1917 1823 413 1449 704 1502 1170 115 1360 310 781 1641 872 1632 371 179 483 100 238 36 674 613 829 161 144 174 1225 1865 1152 1831 1278 759 381 1072 1976 1810 721 3 1153 527 970 962 1226 739 681 300 163 1895 101 1409 493 322 1120 666 705 308 1661 600 745 754 1544 1240 717 1133 1910 1031 1853 44 847 1073 890 1441 1126 1513 1024 556 553 9 1309 1053 1893 1357 943 989 1323 125 191 1165 1988 1846 755 748 1989 865 145 1222 1224 1202 70 580 506 1084 488 637 12 1805 1086 410 1825 654 276 192 1834 1958 1532 1092 1932 1735 1007 1657 1682 1173 39 886 880 933 508 1784 714 1623 66 1 1151 1059 1789 1653 577 650 444 304 260 643 1889 778 537 107 1874 1043 1659 1306 756 1551 604 25 175 467 559 1992 783 673 1822 1251 1438 1087 789 1734 1916 1468 1130 1118 1273 729 1492 337 635 332 1587 170 1181 1370 1779 1712 1548 380 46 1297 480 1764 1731 903 716 1432 1868 1562 1199 1163 143 1766 158 821 177 939 38 120 264 1190 303 1743 1209 976 285 997 1775 1797 1191 1703 1425 206 1203 1842 1965 1384 1142 1193 388 1245 1140 647 1447 1229 211 1102 609 1320 1106 1103 1964 1913 1980 1879 1798 1288 114 1244 1464 800 1340 424 551 709 1970 384 614 416 838 945 1369 165 861 113 222 261 68 60 873 1175 306 1032 1271 431 1067 744 1108 314 648 73 1376 1955 229 1429 373 1704 1070 94 1540 1136 1935 944 1788 1693 655 182 897 492 363 1192 1925 786 1862 247 964 1374 86 231 1783 562 1633 1927 1481 233 15 1959 223 520 1726 1480 1401 244 135 839 1017 961 888 259 522 205 1121 971 906 412 1621 1692 385 675 1594 572 1664 827 1652 591 1095 1463 1465 791 1813 333 234 1113 34 916 1003 1350 1763 1298 272 1806 844 1250 1579 324 266 1887 1517 185 169 1010 1030 379 775 1660 1533 59 123 1373 853 1160 1461 536 1714 446 1854 1888 950 1386 1525 1750 1894 1316 659 1256 1036 972 1696 130 953 790 236 1885 249 307 151 1845 977 1849 1542 632 1114 1462 787 1453 552 23 579 530 1045 1495 688 895 1584 1720 212 585 1546 277 1232 658 1996 660 669 1063 1049 328 606 584 1957 642 883 1645 1915 1200 434 1040 214 1900 498 1698 387 13 1880 1091 1454 134 1790 1951 1081 723 535 90 1966 986 795 1828 419 1942 958 417 1526 621 963 503 288 1926 610 1037 1733 984 178 1105 1709 1219 1411 136 1625 1478 913 686 168 1573 1351 852 1765 831 764 1635 327 1413 1809 1771 299 1416 1803 699 1604 715 117 183 459 219 344 774 1196 164 1296 221 1665 187 868 1971 126 1047 254 965 1706 1753 1090 1400 1722 1556 1713 1189 710 1770 82 667 138 1479 
minDistance: 2.3671
cost: 246780
capacity: 298750
time: 21300
maxTime: 60000
LS1: 7478/8688
LS2: 646/1210
LS3: 0/0
shakeIters: 547
shakeLoops: 51
