1.84872:568 1.97789:739 2.0375:1154 2.11578:1745 2.15083:2770 2.20443:3769 2.26633:4705 2.27884:5687 2.32309:9138 2.32402:11785 2.3505:12081 2.35289:14477 2.3671:15429 2.37417:19881 2.3805:29208 2.38182:42829 2.41738:52244 2.42274:55751 
8 292 1865 916 1053 483 1400 249 1893 233 1360 343 1584 1049 1992 165 126 1868 1024 744 717 1000 1643 1151 1413 647 1043 1621 830 970 272 1797 385 138 1228 1245 1943 93 1478 1885 172 446 704 1851 1596 1562 1745 610 170 1351 271 945 1087 766 1955 658 1086 1120 1156 530 790 1594 888 761 178 962 1771 961 66 234 1465 145 655 206 1614 673 1991 432 1783 1222 23 1604 1389 229 553 1009 732 1273 1926 1880 1196 1449 1513 133 1202 177 1625 1593 1735 1299 247 1373 219 986 100 223 3 1727 808 1854 1073 62 179 584 15 1829 60 1191 762 1070 755 577 114 459 107 12 285 901 1789 164 39 276 314 565 136 1017 1935 1283 54 1974 669 1503 444 1250 205 1067 1806 1416 167 903 635 874 86 730 1504 890 1477 1704 1447 506 1803 1229 1731 871 1435 1203 1321 1464 1418 457 1409 585 1288 1790 710 1729 460 756 1538 175 510 1183 1942 38 1781 431 976 657 1425 1888 775 956 192 1779 1635 1175 467 1824 371 120 1975 827 1438 1271 1479 1014 1576 1862 886 327 1904 838 606 1696 667 1181 412 1548 1448 410 1540 883 1163 221 912 1587 715 109 1140 1316 1502 1714 90 498 405 115 666 70 754 1165 643 1552 1 1698 757 844 1623 211 1190 847 1917 1786 1192 210 1988 117 957 572 1632 1849 307 522 1092 1980 183 747 1970 1910 1142 1805 880 380 1551 989 1480 721 814 950 1763 261 1225 322 1339 342 123 470 654 1784 1703 493 1357 820 1199 1298 1966 265 340 1828 865 400 958 501 793 212 1834 913 214 134 674 1296 705 1160 824 1517 1481 1463 1095 244 642 1825 312 1492 1040 951 1519 895 1660 861 1967 168 1074 933 1659 1136 1925 1461 737 965 1556 551 46 944 739 831 365 1579 748 1764 1350 807 759 1170 632 688 503 910 1546 1889 220 1733 1031 1665 1399 1130 1396 1219 181 1996 73 1084 306 1722 174 1200 908 1715 1500 1211 319 745 1716 161 1798 927 1633 1114 778 1218 1795 68 1193 1090 853 1932 570 675 277 1003 764 1809 1894 222 1734 266 1244 609 1453 144 434 716 1138 303 193 1846 1032 709 362 1105 82 1401 1707 1441 417 1306 1726 1571 492 1278 1037 1462 520 959 1545 723 255 556 1377 1810 1799 1197 1656 363 699 1706 304 984 1510 897 729 1476 621 1391 787 143 637 1055 130 1664 187 388 868 580 1384 1432 749 1526 1573 1419 1750 259 118 396 614 1240 1913 288 1971 1976 613 1091 873 264 379 1874 1386 562 964 1663 571 1959 536 1533 1680 953 1103 587 714 1879 1495 631 1793 254 480 1121 1337 44 238 1951 1702 783 384 1652 94 686 1081 972 112 1010 488 1274 59 1682 774 906 508 373 416 943 1226 156 
minDistance: 2.42274
cost: 246790
capacity: 298740
time: 55751
maxTime: 60000
LS1: 8352/9504
LS2: 599/1152
LS3: 0/0
shakeIters: 535
shakeLoops: 47
