1.24028:106 1.95905:513 2.02745:632 2.02952:2984 2.0375:3164 2.20443:4008 2.26633:4457 2.27884:4664 2.32309:19468 
1803 1250 716 1073 101 1714 1664 1222 337 136 1874 1464 1704 1399 1369 467 1932 1138 1632 436 657 852 168 1097 1764 380 1055 115 1447 530 203 3 1765 1660 1959 1040 739 1252 617 223 688 2000 1623 151 307 1846 183 1280 647 766 710 1829 1084 1448 1479 1885 908 94 156 234 1951 1244 214 847 1468 1980 901 1228 170 15 830 1786 1784 1813 1996 1967 717 1645 446 1463 492 1245 610 1789 1260 126 1556 1726 161 906 699 66 1356 1074 1573 1449 945 179 13 1779 134 747 1657 1313 1702 1513 1357 1278 1625 886 997 1500 1049 417 950 757 989 669 221 1271 192 1964 1895 1173 1937 800 343 1862 827 1087 1053 1831 117 480 147 1306 304 844 755 682 831 1722 552 868 783 510 1360 1517 1340 306 1808 444 861 210 1668 1323 953 1730 1465 211 632 167 12 388 916 138 1273 727 1190 206 130 266 1810 789 760 1865 1037 732 895 259 1219 580 64 1544 1750 1801 233 621 1067 1120 299 759 264 1992 613 853 778 102 874 1888 939 96 416 1202 1770 1191 1696 1492 943 1286 1822 82 488 1050 609 1733 958 7 144 1652 709 1603 933 1693 1799 1766 1298 125 1879 1462 1806 496 212 635 1965 363 1226 1142 173 254 260 288 570 1350 961 1824 1283 70 174 1192 704 1152 1024 1797 686 1763 1783 1170 764 1105 187 658 1771 1913 687 1296 1989 648 614 814 655 1480 1181 100 1798 1887 68 736 372 1409 1160 285 520 1790 1355 434 556 1200 1868 537 474 222 522 1994 1485 46 123 90 34 1680 1031 1130 1731 59 1805 1743 748 775 584 73 1682 744 229 113 535 1880 39 255 1917 1373 964 970 642 761 711 975 585 1003 565 371 1587 1935 1435 1506 312 1944 705 319 169 963 165 984 150 272 1243 1114 314 1175 896 723 643 553 1095 1453 1361 551 1196 637 131 327 1351 278 1954 1086 1231 792 1185 1970 587 1316 790 1546 1540 503 1043 1604 1594 1288 231 460 112 1432 160 1079 1698 604 1854 1735 729 191 164 114 23 1118 1199 1070 756 276 1851 1621 9 820 1845 1081 1533 145 1706 432 1010 344 1161 786 1203 1893 1927 324 1032 675 333 1386 25 873 158 1036 1966 890 962 681 1240 1942 1400 508 1571 1809 768 498 1401 412 1156 154 1494 303 1504 1121 172 261 1091 1988 373 1847 120 410 379 38 1955 1102 1261 1894 774 897 322 1163 1635 667 1842 1151 1370 572 749 1495 715 839 714 1656 1828 1059 1404 1667 1461 493 420 1653 1113 1562 384 1502 143 888 903 1510 986 1712 1438 1584 754 1425 385 1459 1633 1526 60 413 1413 673 1090 1661 175 825 562 1834 118 86 1229 1548 107 247 1695 662 1974 721 459 880 607 965 244 593 1153 577 1659 1679 1849 470 362 177 405 431 41 976 809 781 1856 1971 1418 1910 1853 1092 1165 506 745 1788 1384 823 
minDistance: 2.32309
cost: 246788
capacity: 298748
time: 19468
maxTime: 60000
LS1: 7991/9195
LS2: 661/1204
LS3: 0/0
shakeIters: 534
shakeLoops: 52
