1.95905:532 2.02745:1366 2.08637:1872 2.15083:2465 2.20443:2741 2.26633:5796 2.27884:7002 2.30942:7168 2.32309:9176 2.32402:12690 2.34375:12893 2.35289:15590 2.3671:18820 
986 667 1499 1834 1712 1448 1635 1438 15 830 873 1250 1485 1533 965 1513 1562 1882 1156 1955 908 861 1734 206 1447 303 927 1703 118 1296 1320 337 958 1788 890 1587 1047 1753 888 434 1465 1245 1350 1288 78 1755 1659 1226 117 536 214 1432 673 895 674 1059 177 1003 600 183 609 781 1958 1202 222 1373 553 1502 459 1988 212 328 179 1579 946 709 229 943 192 645 266 570 444 880 913 1106 123 1706 872 413 1604 1254 1698 1926 1865 402 210 1594 1828 1802 814 313 669 658 1118 1504 1696 134 1704 1967 1344 503 457 713 285 1532 1492 761 961 610 1222 1652 698 1621 1656 25 642 175 552 1198 221 350 1278 1494 572 1633 1679 1067 827 48 60 1121 1479 1854 1428 754 1790 259 254 1497 1799 1842 699 276 1879 1660 1709 1889 577 1942 126 1544 984 655 86 164 388 643 1477 1932 332 363 835 688 976 1219 130 386 46 53 307 1970 292 1175 1476 1726 1880 470 1271 906 1664 1784 723 950 530 606 1464 358 1113 1453 520 64 68 1783 783 644 847 1014 787 379 562 165 480 264 739 1959 584 1185 1463 792 1478 1540 1397 1813 304 510 1211 151 1686 686 1684 234 1623 1090 1480 737 14 1806 203 248 705 1665 420 963 1980 1073 1954 1043 1750 1722 1142 1795 1715 100 1357 998 916 747 324 755 537 1771 101 1810 34 1925 1259 488 1409 505 970 853 1893 944 455 288 1165 306 1743 167 1733 1244 168 1763 903 710 172 1797 1720 380 1481 556 1386 1017 1087 1976 9 1916 158 748 1801 1340 79 182 233 417 467 774 1449 1153 174 756 1913 278 373 93 120 145 1170 715 844 1996 1240 831 170 559 1935 70 247 910 1992 1829 1510 94 953 897 102 662 1192 1053 1132 1545 114 1369 1506 660 223 1846 613 1798 1971 1625 1105 1849 187 522 1707 1200 1641 637 178 1181 526 757 1351 729 632 1120 1764 322 1789 1888 1735 1323 1461 238 319 1092 333 1024 277 1413 261 614 1822 1653 1400 1300 59 1031 144 1243 492 498 1130 1032 1526 1885 989 1910 585 945 1731 23 1500 1632 1805 44 551 1956 506 13 745 1298 716 66 255 39 3 1917 113 759 659 851 1010 1218 635 598 1401 1714 161 143 1596 912 604 791 1125 1779 493 1874 265 786 1081 1495 823 1825 272 1584 1151 1251 1361 1190 1360 1091 675 387 1221 169 1503 904 778 136 327 1 689 1086 384 1273 1991 344 1548 138 647 1989 1469 1517 954 220 1136 483 211 1325 1229 1573 1794 874 1140 1556 36 431 654 1203 385 1160 933 1546 775 1199 1306 1600 939 115 1862 790 1965 744 1919 1593 1745 260 244 1809 314 1152 410 1093 1384 1191 73 1232 1193 412 1114 1119 90 1687 1454 901 82 717 1781 1853 6 446 1040 964 1084 
minDistance: 2.3671
cost: 246794
capacity: 298734
time: 18820
maxTime: 60000
LS1: 7835/9065
LS2: 688/1230
LS3: 0/0
shakeIters: 529
shakeLoops: 49
