1.82915:268 2.06523:952 2.08637:2659 2.1659:8497 2.20443:9542 2.23175:9634 2.26633:10572 2.27884:12950 2.32309:17507 2.32402:45322 2.35289:46856 2.3671:50754 
276 1846 38 698 363 1779 792 1996 58 82 766 659 1745 1874 60 944 1698 94 214 126 1222 324 1625 417 59 34 36 1478 1653 1067 1492 299 169 1084 68 1197 170 745 1337 1196 1306 1797 78 1024 385 322 238 232 537 343 756 192 839 1679 908 333 1971 754 1288 704 1504 266 1435 1228 231 1540 114 1727 1587 1862 958 229 1641 221 903 1271 710 1917 70 1244 1919 874 669 1763 1893 861 572 1743 488 1160 775 493 895 1032 783 1633 1652 1273 729 1714 86 1970 1243 1370 1562 830 379 412 1885 212 373 220 1502 933 641 835 1966 1211 1715 1707 1781 600 459 272 1798 384 1105 1153 1834 1604 717 130 913 556 1351 310 1849 467 420 945 380 988 1783 1125 445 1573 222 1214 787 1192 1460 723 1120 1663 774 178 1805 1142 972 1615 1043 1709 93 254 158 1561 1992 23 1074 1152 737 1130 277 183 415 1075 1226 1464 716 997 46 1073 748 688 1935 1969 1889 1825 234 522 1384 1229 1350 744 117 434 131 1386 1584 1250 510 1515 1296 844 1795 480 1766 1232 686 1480 747 327 1453 1826 1040 210 388 73 144 260 530 172 1753 1355 715 1810 1409 964 1400 831 847 1047 827 658 261 100 211 9 699 1003 953 1716 1954 950 584 13 1156 372 1623 179 304 1432 394 647 1203 1097 1175 1888 1824 791 151 1974 1932 1401 1328 1017 778 1468 1494 1784 755 1556 1930 1454 410 585 1828 1660 1438 989 976 350 66 1665 963 868 1081 559 606 1138 161 1910 1114 154 115 1842 1542 223 906 714 1000 1200 1121 187 761 759 1278 1219 25 626 143 1419 1801 970 1829 1356 1571 136 552 1552 1465 303 675 674 7 123 292 609 1967 285 174 1814 1726 1735 1621 657 255 1894 880 306 15 208 1063 1447 709 1693 1373 1429 503 498 1656 991 446 1659 1448 1103 265 943 663 1463 610 1809 44 203 637 101 1959 1090 1548 662 1865 1357 749 145 768 795 206 1682 1240 520 1479 986 1368 1316 1790 1199 119 1942 1086 1926 852 1413 1506 1696 1193 1092 965 673 1546 1170 1510 134 455 102 1485 1799 1988 381 244 1806 249 1309 1495 112 1481 705 207 604 247 916 436 1461 1449 614 1913 314 1632 1731 721 1734 764 164 1822 1764 1010 632 1070 1533 577 1284 470 1813 1955 1544 175 667 642 1706 649 790 177 1113 1091 492 1031 264 961 1477 167 1847 1596 901 1225 1989 1037 307 1793 1181 613 1958 1868 402 1053 165 873 1339 1497 1733 138 643 553 113 621 1879 814 853 90 1786 635 1702 233 1794 337 1712 757 1668 1771 888 1245 1118 867 1517 3 1500 344 890 739 1190 386 506 681 1298 1202 1703 39 133 1851 587 1765 1664 1106 1635 1087 1191 1722 984 259 
minDistance: 2.3671
cost: 246767
capacity: 298731
time: 50754
maxTime: 60000
LS1: 7511/8810
LS2: 788/1299
LS3: 0/0
shakeIters: 499
shakeLoops: 45
