1.82915:331 2.02745:702 2.08637:1485 2.1659:2516 2.19591:3192 2.26633:3543 2.27884:3765 2.32309:25948 2.3505:55135 
327 1278 493 165 1186 134 556 916 155 820 1479 57 1703 1659 709 379 416 394 1465 1540 115 9 233 1546 1904 1093 1784 1361 1587 976 168 229 716 933 322 1449 1121 1297 337 1955 177 1059 1809 715 236 1203 1119 621 350 835 384 953 873 730 151 522 1229 1556 169 1797 786 1745 1980 385 1175 46 1478 1192 1045 1971 1964 314 666 1726 183 123 64 1502 1106 214 809 577 1136 783 417 1574 1237 506 1416 405 1781 114 1888 1173 1202 113 553 192 467 126 333 865 657 1226 1959 1160 259 1130 1665 1783 1653 614 1197 861 1771 368 787 1032 1605 272 1652 1103 1887 1584 584 103 1854 503 1340 717 897 1432 1885 1824 38 431 278 961 310 444 1053 780 1526 647 853 412 1153 847 1040 1461 1958 223 1704 170 1163 1696 1889 1882 790 285 1419 90 637 1228 1271 299 244 748 789 975 1190 380 1532 839 1862 1847 600 307 1370 1623 635 698 1476 744 1037 343 1049 1156 1007 1142 1779 1218 130 1073 659 1063 1140 822 324 1594 1842 1396 1306 1261 729 238 1152 705 1879 178 880 1316 1399 1120 1084 164 319 340 530 211 1966 1764 60 1193 699 1822 912 613 1086 234 1954 303 1513 632 669 1865 15 964 94 606 456 1244 1917 1548 1386 254 175 261 363 112 1916 1707 723 1495 778 532 1300 1373 1734 1597 520 1641 86 1533 643 264 357 745 1799 1090 844 96 144 649 1925 1468 386 136 1693 480 739 376 1196 1790 939 66 1913 1251 1091 68 432 1932 1635 1834 1625 1967 492 970 604 1621 936 1989 1273 459 82 766 1337 70 927 754 986 1709 1123 260 161 1108 6 674 210 1846 1448 1789 410 457 1453 950 821 117 141 1010 120 308 732 1849 946 1661 1950 1400 1191 100 221 965 1067 895 958 1438 1506 1384 1357 1039 219 984 1477 1828 704 477 1682 1624 1750 1455 972 945 1463 101 943 460 344 1657 814 1222 362 792 774 1810 852 1923 174 1482 1114 1087 537 1664 675 415 1092 1200 1988 304 1232 34 985 1250 714 610 851 107 667 791 193 1413 1298 759 1604 222 1494 1679 1813 1003 277 1656 1874 1102 681 1974 711 10 1504 962 673 39 737 775 450 419 1660 1619 1579 527 247 1562 145 1095 373 642 1105 756 1806 1596 1259 1632 138 1853 1170 1706 212 1893 1722 1910 1401 1047 658 757 800 913 997 1350 420 719 1138 143 827 1211 1976 1447 59 1788 306 470 1525 73 1216 1497 886 650 242 231 388 1464 776 755 1766 830 255 1118 888 1714 1763 655 23 1573 572 1151 1970 1825 1975 372 764 761 903 266 1996 686 565 1043 1731 1492 125 1351 721 102 760 552 1895 179 1409 1935 1031 1805 710 1240 1126 446 1733 288 309 1369 206 1655 963 1074 187 434 1017 1181 1633 1245 1219 1517 1199 488 1992 1829 587 559 1698 220 
minDistance: 2.3505
cost: 246779
capacity: 298749
time: 55135
maxTime: 60000
LS1: 7402/8693
LS2: 764/1291
LS3: 0/0
shakeIters: 518
shakeLoops: 49
