1.75302:265 1.82915:385 1.97789:947 2.02745:1084 2.0375:3036 2.08637:3406 2.11578:3677 2.15083:3789 2.20443:4062 2.23175:4627 2.26633:4805 2.27884:4980 2.32309:5152 2.32402:13347 2.34375:22081 2.3505:24436 2.3671:24702 
1670 187 552 1656 261 1750 446 1481 867 174 1596 1779 1351 710 1401 654 203 1384 34 1447 537 1803 1217 778 1465 183 1724 1374 412 1226 168 1140 1222 1550 1765 1795 307 927 1032 78 1306 1258 604 1959 23 1000 667 1203 1957 1951 1369 259 637 244 1632 1273 1205 631 723 853 1533 211 1829 1627 1888 231 1799 1296 1623 1040 386 277 1464 775 480 1513 1696 607 73 609 1271 675 1292 1218 1181 210 221 459 36 38 588 976 1039 1219 1790 847 396 1693 303 944 402 343 1704 824 1894 886 1138 1517 308 114 1545 1735 144 642 58 1432 783 1477 1084 745 165 363 434 1360 1992 1086 1357 1608 1988 553 1594 643 1017 774 1764 800 606 1192 355 1991 963 483 229 89 1806 136 873 872 749 113 234 1228 1003 193 1622 1199 299 1615 1254 1105 223 1309 970 598 1624 1232 814 1478 467 1668 1810 1703 120 405 170 635 1142 704 1386 419 865 933 627 378 759 565 417 1729 895 90 112 831 1763 1159 1174 498 709 1805 94 674 958 600 179 161 205 222 470 1191 861 1280 508 1989 1419 191 673 1542 272 754 1368 103 1479 572 1726 1734 1506 844 1974 178 1722 1705 827 86 68 415 233 887 1975 48 1825 206 1822 1200 1461 610 1245 536 1548 1856 1092 1755 1879 54 1400 1980 756 929 1067 1494 1851 1967 792 520 901 1783 327 688 1562 962 686 737 1996 3 1853 1885 60 1283 888 192 714 1121 961 1784 1797 897 96 1600 669 1551 1090 1361 1604 82 1682 1250 1366 1625 167 1966 1652 431 249 715 1160 503 1373 1846 164 276 292 744 1847 1 1202 1073 1156 1733 1540 158 953 436 1170 1024 1063 1038 1475 322 1014 613 880 596 1954 1043 916 1798 70 1163 1716 1298 1766 1942 717 1095 1340 126 1316 1453 1714 1031 1893 12 212 255 1960 599 1288 1731 943 1463 492 570 130 1546 220 1965 1074 906 1801 682 1409 1842 76 506 913 1261 1356 1151 1130 761 868 1771 1635 699 1544 755 102 1664 1971 1828 1297 1707 1141 1793 238 766 44 1189 556 1370 379 1502 522 123 1781 1698 950 1813 1091 1814 1413 247 416 175 1193 143 39 705 658 1480 493 795 650 1653 1932 1175 264 716 587 388 614 965 306 577 1862 585 1495 1229 93 655 822 1665 1525 66 1584 1913 530 787 1510 1926 384 584 721 1049 46 372 380 1706 1240 117 757 1153 1449 768 1680 138 266 1339 15 945 444 1849 1053 698 823 1621 939 1111 1426 790 385 285 172 100 964 1834 1970 1874 1633 338 314 177 1059 551 1438 332 1854 1865 1659 1745 1910 1720 25 632 1118 169 1190 410 1917 59 1587 1103 1709 214 420 1114 1087 866 254 488 64 825 1955 647 1244 984 118 151 1935 1556 1492 748 1573 134 1120 
minDistance: 2.3671
cost: 246785
capacity: 298734
time: 24702
maxTime: 60000
LS1: 7995/9170
LS2: 607/1175
LS3: 0/0
shakeIters: 551
shakeLoops: 52
