35:18 37.8:39 42.1:50 43.8:64 43.9:77 46.9:86 47.1:92 50.2:97 51.8:110 54:171 54.8:219 55.1:968 55.4:12935 55.5:32434 56.7:36503 56.9:36509 58.1:36512 59.3:41440 
74 254 477 409 44 40 61 488 263 438 437 137 289 24 107 260 90 428 32 393 56 425 168 497 179 341 461 267 442 403 492 476 231 374 215 328 226 489 173 192 5 124 340 376 299 474 108 261 18 339 55 273 175 100 154 419 31 53 85 209 333 129 349 93 441 464 240 59 354 
minDistance: 59.3
cost: 58373
capacity: 48763
time: 41440
maxTime: 60000
LS1: 451990/470889
LS2: 6228/18899
LS3: 0/0
shakeIters: 12653
shakeLoops: 1263
