38.5:19 39:28 41.5:37 44:60 44.4:73 45.2:141 46.4:264 47.1:273 47.5:309 51:443 52.5:512 52.6:614 55.4:640 55.5:775 56.7:2288 56.8:2773 58.5:4206 59.8:29257 
264 8 20 437 441 496 456 395 34 449 231 393 125 53 491 61 328 413 263 139 318 497 343 374 335 32 175 135 346 349 240 185 67 121 165 260 489 339 378 476 179 100 96 299 377 56 209 297 488 404 102 168 85 187 6 408 340 47 197 479 261 269 418 284 464 124 
minDistance: 59.8
cost: 59874
capacity: 48971
time: 29257
maxTime: 60000
LS1: 437526/456802
LS2: 3989/19276
LS3: 0/0
shakeIters: 15268
shakeLoops: 1523
