35.2:10 39:27 39.9:36 44.5:46 46.1:65 51.2:83 52:163 54.3:283 54.8:571 54.9:651 55.4:659 55.5:1368 55.7:5185 56.1:18195 56.7:18666 
54 210 166 134 263 461 311 472 437 254 441 333 336 299 226 90 20 293 413 206 114 492 391 47 489 274 192 339 12 354 61 376 53 146 209 269 456 191 259 74 175 136 32 112 280 231 108 419 59 455 438 173 414 165 1 18 476 110 273 341 460 384 124 328 264 41 35 272 479 24 320 353 240 
minDistance: 56.7
cost: 58027
capacity: 48766
time: 18666
maxTime: 60000
LS1: 451631/469645
LS2: 5580/18014
LS3: 0/0
shakeIters: 12419
shakeLoops: 1240
