39.5:21 50.1:52 51.1:116 53:134 54.1:177 54.5:802 54.8:1246 54.9:1920 55.2:2131 55.6:2389 56.1:2517 56.2:7184 56.9:7276 58.1:9790 59.3:25380 
244 492 299 489 53 261 32 44 90 110 168 124 5 403 477 192 441 173 125 107 448 134 265 231 240 49 339 360 289 267 263 187 74 461 137 345 273 100 374 425 175 93 210 393 260 437 488 226 211 449 61 346 328 341 442 59 333 56 438 209 191 154 340 354 6 419 469 376 179 
minDistance: 59.3
cost: 58888
capacity: 48873
time: 25380
maxTime: 60000
LS1: 453990/473394
LS2: 6433/19404
LS3: 0/0
shakeIters: 12954
shakeLoops: 1293
