34.2:15 35.7:31 38.6:39 39.1:44 41.6:56 42.8:79 44.4:101 47.4:124 47.7:224 50.2:606 50.9:1359 53.2:1494 54.3:1541 54.8:1714 55.4:2297 55.5:2300 
231 326 438 47 318 271 399 143 449 362 473 125 378 254 214 334 338 28 404 263 197 86 226 223 354 56 398 479 2 190 181 350 492 456 32 164 421 484 185 173 260 132 349 183 293 163 374 35 427 425 497 72 488 333 489 234 6 144 209 346 394 165 477 21 110 328 168 100 343 61 462 
minDistance: 55.5
cost: 59254
capacity: 48835
time: 2300
maxTime: 60000
LS1: 458118/477577
LS2: 6805/19459
LS3: 0/0
shakeIters: 12636
shakeLoops: 1259
