32:6 34.2:17 34.8:23 36.3:34 39.8:43 47.6:72 48.9:114 50.1:128 50.2:276 51.8:280 53.2:660 53.9:742 54:751 54.9:766 55.4:1118 56:1130 56.3:1282 56.4:1862 56.9:18145 57:19850 
442 70 260 20 374 144 215 248 73 480 5 163 403 336 261 479 414 347 267 314 26 41 493 174 487 467 449 299 203 390 231 497 393 490 439 356 489 90 250 328 263 157 45 185 139 234 29 381 333 86 492 152 130 56 59 167 307 339 210 52 397 46 354 413 473 183 110 155 40 257 
minDistance: 57
cost: 60266
capacity: 48887
time: 19850
maxTime: 60000
LS1: 466445/485566
LS2: 4996/19121
LS3: 0/0
shakeIters: 14105
shakeLoops: 1407
