0.6:5 4:26 7.2:39 7.5:80 7.7:92 8.1:112 8.3:143 8.7:371 9:888 9.2:1031 9.8:1368 10:10555 
345 100 210 450 140 247 391 65 38 417 292 63 291 329 73 85 230 98 135 382 166 164 389 443 464 363 239 411 438 71 114 466 256 156 219 44 387 240 406 88 116 125 137 208 343 95 412 442 304 103 69 264 335 99 313 275 441 440 12 112 151 163 398 232 202 277 138 422 384 248 475 224 180 66 288 15 361 333 302 269 420 115 374 57 370 362 449 143 184 222 203 121 393 469 334 187 16 25 383 111 157 7 491 14 500 76 204 62 410 162 41 61 416 106 172 424 145 495 471 176 196 251 
minDistance: 10
cost: 65504
capacity: 77731
time: 10555
maxTime: 60000
LS1: 101153/117494
LS2: 6716/16341
LS3: 0/0
shakeIters: 9613
shakeLoops: 959
