4:8 7.2:24 7.7:65 8.7:76 9.8:781 
76 204 239 151 343 66 345 293 414 213 384 291 416 396 336 203 65 490 228 361 15 391 54 495 71 202 145 165 466 201 232 383 333 146 247 210 376 159 44 387 125 135 185 329 417 166 240 99 439 187 106 374 469 465 443 440 137 153 335 196 222 95 438 477 140 251 323 371 114 181 475 98 230 471 389 25 410 219 111 422 89 313 325 398 424 288 304 411 12 302 157 500 62 363 256 163 420 116 14 184 264 236 382 115 208 442 193 346 164 63 73 36 121 248 156 370 218 393 162 224 41 85 57 195 16 435 269 441 491 
minDistance: 9.8
cost: 65509
capacity: 77730
time: 781
maxTime: 60000
LS1: 83185/100619
LS2: 7922/17434
LS3: 0/0
shakeIters: 9507
shakeLoops: 949
