7.2:14 7.7:163 8.5:178 8.7:203 9.8:425 9.9:36574 10:37979 
424 495 153 391 336 222 16 411 66 370 114 140 202 14 383 137 201 232 63 417 264 361 69 234 162 466 393 480 442 313 157 62 382 420 100 187 269 176 112 410 210 164 65 208 121 224 335 106 85 288 384 374 479 304 204 398 230 443 115 54 185 333 99 471 151 89 422 12 156 248 271 95 228 465 416 184 490 165 76 291 438 387 500 236 203 406 475 193 125 312 439 138 275 363 15 362 135 116 111 25 196 302 491 73 477 163 219 343 345 293 41 435 71 469 239 464 440 240 325 329 166 38 44 251 57 98 
minDistance: 10
cost: 65494
capacity: 77732
time: 37979
maxTime: 60000
LS1: 85584/102797
LS2: 7684/17213
LS3: 0/0
shakeIters: 9522
shakeLoops: 951
