4:6 5.8:22 5.9:37 6.1:47 6.8:60 7.2:177 7.5:321 7.7:401 8.2:475 8.3:491 8.7:763 9:6530 9.1:7188 9.8:7492 10:59109 
116 204 239 370 159 410 163 196 398 195 440 335 343 100 491 151 288 166 443 411 465 121 417 475 469 63 210 189 466 135 222 73 112 438 414 187 333 15 302 291 435 312 361 89 391 346 264 125 85 76 323 382 218 345 230 479 114 374 184 389 351 38 224 164 232 406 240 383 420 228 12 393 325 256 387 219 449 137 25 415 292 180 412 490 208 422 145 304 57 480 111 62 251 384 106 202 65 313 98 140 442 115 16 99 248 334 500 329 203 473 138 14 471 293 162 363 275 61 424 156 71 66 495 95 44 
minDistance: 10
cost: 65477
capacity: 77746
time: 59109
maxTime: 60000
LS1: 91488/109363
LS2: 8486/17875
LS3: 0/0
shakeIters: 9373
shakeLoops: 933
