4:7 7.5:17 8.3:39 8.5:255 8.7:298 8.9:4838 9:4852 9.8:4927 
387 500 208 156 465 374 455 121 140 335 67 264 202 145 69 393 135 57 415 422 248 417 466 442 443 204 329 76 151 343 351 336 12 469 293 63 475 234 370 247 490 99 292 491 187 116 164 389 332 440 201 228 410 269 398 203 218 73 38 108 114 304 65 325 438 240 44 345 256 125 288 291 71 36 138 195 239 363 382 219 162 98 376 193 333 232 275 477 224 251 184 313 361 416 115 30 495 89 222 196 411 435 15 14 16 112 100 230 111 66 384 236 106 391 85 471 302 346 62 41 441 166 210 137 
minDistance: 9.8
cost: 65497
capacity: 77760
time: 4927
maxTime: 60000
LS1: 85917/103087
LS2: 7345/17170
LS3: 0/0
shakeIters: 9815
shakeLoops: 979
