4:8 5.8:16 7.2:40 7.7:45 8.1:51 8.3:63 8.6:84 8.7:160 8.9:1610 9:1684 9.7:1722 9.8:2136 
414 278 475 361 222 228 224 406 116 293 44 455 115 491 204 302 140 335 363 435 145 380 76 135 313 351 57 125 260 100 12 416 239 65 495 114 219 41 184 336 389 376 370 425 477 384 14 103 333 111 15 445 415 420 296 137 374 391 208 22 98 346 465 73 329 156 471 393 269 62 180 312 500 106 202 187 383 440 162 164 69 424 38 251 411 469 466 443 345 264 325 438 71 16 63 343 422 99 288 240 121 292 291 417 203 210 490 230 304 66 193 382 256 275 442 248 166 232 151 85 324 410 189 196 
minDistance: 9.8
cost: 65494
capacity: 77729
time: 2136
maxTime: 60000
LS1: 87162/105008
LS2: 8283/17846
LS3: 0/0
shakeIters: 9550
shakeLoops: 954
