1:5 2.5:16 4:29 5.8:39 6.8:50 7.2:55 7.7:103 8.1:382 8.3:414 8.7:990 9:10894 9.7:11411 9.8:11588 
166 12 293 469 318 76 442 471 277 151 204 116 251 184 335 406 140 427 98 111 302 271 296 240 420 228 439 384 382 440 162 114 16 163 121 500 391 157 490 374 164 333 376 383 210 176 278 239 222 343 66 63 232 411 106 202 7 57 416 65 424 477 370 230 187 450 256 115 103 195 62 361 438 193 137 329 389 313 288 247 41 85 465 264 275 312 135 260 417 421 203 466 156 393 336 414 304 196 14 269 291 224 153 89 495 25 208 44 73 100 363 99 219 248 15 125 38 475 138 422 71 
minDistance: 9.8
cost: 65467
capacity: 77726
time: 11588
maxTime: 60000
LS1: 86002/102683
LS2: 6639/16681
LS3: 0/0
shakeIters: 10028
shakeLoops: 999
