5.8:15 5.9:32 7.2:43 7.5:48 7.7:53 8.1:111 8.2:371 8.3:387 8.5:416 8.6:567 8.7:572 9:6112 9.8:6232 
335 239 389 184 208 336 313 166 15 196 471 424 41 410 98 477 406 382 103 76 219 140 465 291 193 438 135 218 12 374 380 116 38 264 293 393 376 189 228 422 62 16 355 370 172 44 469 138 162 345 288 312 500 14 125 204 363 416 224 256 302 230 25 417 440 383 115 231 232 333 57 443 384 490 343 260 351 121 164 163 240 73 466 442 106 248 329 99 203 292 100 222 195 414 495 411 491 114 415 398 275 361 304 251 435 111 271 210 137 475 156 66 187 71 151 202 473 339 391 85 63 387 159 
minDistance: 9.8
cost: 65476
capacity: 77724
time: 6232
maxTime: 60000
LS1: 84944/102270
LS2: 7525/17326
LS3: 0/0
shakeIters: 9787
shakeLoops: 975
