0.6:5 1:13 4:40 5.8:48 5.9:58 6.8:66 7.2:74 7.5:87 7.7:129 8.1:309 8.2:503 8.3:580 8.5:590 8.7:637 9:7673 9.2:7693 9.8:7709 9.9:36457 10:57282 
325 89 269 193 469 382 208 345 106 115 44 251 38 203 438 304 153 264 73 12 500 355 420 66 490 422 471 343 291 442 99 114 185 248 370 162 163 95 65 256 423 196 129 332 313 466 219 465 416 414 477 435 62 121 239 201 336 164 440 302 421 491 14 424 495 100 137 210 411 138 285 157 166 140 232 165 391 222 228 275 187 329 85 312 151 398 410 464 475 384 15 184 361 76 71 111 333 346 230 63 293 374 406 383 202 401 224 204 116 387 98 363 16 389 380 288 335 57 125 135 417 439 156 479 339 240 480 
minDistance: 10
cost: 65495
capacity: 77753
time: 57282
maxTime: 60000
LS1: 88492/105574
LS2: 7961/17082
LS3: 0/0
shakeIters: 9101
shakeLoops: 907
