0.6:6 4:22 6.1:38 7.2:52 7.6:141 7.7:146 8.1:197 8.3:265 8.7:550 9:950 9.1:1504 9.8:1704 10:2865 
201 66 391 495 480 465 69 304 293 370 438 204 151 389 218 25 420 264 184 222 224 325 291 500 153 162 288 479 62 106 490 165 57 475 239 469 384 203 251 345 425 138 277 38 313 166 140 234 98 411 16 464 442 85 164 121 156 99 111 208 63 89 240 417 312 256 416 202 73 410 219 483 248 398 187 335 275 115 15 193 12 14 471 374 230 100 333 271 125 114 163 41 228 65 210 71 363 76 383 157 194 135 440 443 376 422 466 336 44 406 232 343 196 424 137 116 329 296 112 491 382 302 
minDistance: 10
cost: 65509
capacity: 77738
time: 2865
maxTime: 60000
LS1: 93787/109848
LS2: 6051/16061
LS3: 0/0
shakeIters: 9994
shakeLoops: 996
