4:9 7.2:47 7.5:159 7.6:207 7.7:243 8.1:312 8.7:608 9:2765 9.8:3017 
140 465 195 164 230 219 239 391 376 264 69 401 288 475 232 285 479 41 63 106 15 256 115 477 111 455 187 490 383 208 100 218 415 374 293 410 228 203 269 125 62 95 184 251 89 135 7 99 491 224 387 222 114 343 449 247 450 202 440 362 176 196 38 76 16 363 151 166 424 345 156 323 137 44 66 471 291 204 302 304 162 329 85 384 312 57 98 65 275 443 382 478 469 248 398 271 240 121 335 313 12 138 500 129 389 14 73 333 370 145 361 422 420 153 165 406 417 411 210 438 466 495 116 393 442 336 163 
minDistance: 9.8
cost: 65479
capacity: 77747
time: 3017
maxTime: 60000
LS1: 86122/103941
LS2: 8263/17819
LS3: 0/0
shakeIters: 9545
shakeLoops: 952
