4:6 6.1:14 7.2:29 7.7:55 8.1:65 8.3:113 8.5:191 8.9:199 9:723 9.1:1277 9.7:1297 9.8:2348 
137 151 98 230 65 345 251 442 414 313 264 57 89 208 491 343 415 398 218 184 135 291 62 480 336 384 335 490 362 438 180 187 355 417 224 196 228 275 115 145 36 443 422 66 389 99 382 475 121 469 471 440 435 35 16 333 376 76 441 391 292 112 198 234 12 466 38 111 239 44 495 41 410 304 156 361 163 29 420 424 164 288 25 106 166 114 346 71 88 202 204 210 232 73 129 248 193 203 125 222 100 95 387 411 374 370 219 329 85 240 363 269 15 140 477 162 63 143 383 
minDistance: 9.8
cost: 65434
capacity: 77750
time: 2348
maxTime: 60000
LS1: 80835/98159
LS2: 7109/17324
LS3: 0/0
shakeIters: 10202
shakeLoops: 1018
