6.7:17 6.8:99 6.9:248 7:2383 7.1:2482 7.2:32894 
419 292 89 77 438 59 496 426 214 113 362 407 229 480 29 429 468 253 179 64 319 434 329 396 234 457 487 68 133 315 356 304 211 499 469 53 393 249 173 298 460 242 202 25 114 100 305 41 107 405 175 71 350 106 116 293 443 81 360 416 256 30 90 464 493 470 489 129 473 18 226 218 78 85 425 297 236 10 458 408 174 328 402 322 111 289 352 24 165 321 330 199 164 404 369 354 433 224 486 254 73 442 347 157 309 251 135 448 376 478 383 482 15 193 382 388 99 262 
minDistance: 7.2
cost: 61001
capacity: 71767
time: 32894
maxTime: 60000
LS1: 76430/90682
LS2: 6134/14252
LS3: 0/0
shakeIters: 8104
shakeLoops: 806
