6.6:17 6.8:41 7.1:112 7.2:7037 
224 376 199 426 493 157 214 404 135 469 174 236 256 99 329 133 350 408 405 330 309 322 179 107 218 100 289 18 304 226 298 328 15 382 425 362 442 111 478 458 229 29 360 175 85 496 443 173 114 116 470 53 90 125 448 457 211 305 64 464 407 253 489 473 383 269 297 59 460 293 81 23 106 262 388 234 89 110 10 429 41 292 433 337 499 393 202 77 347 417 321 73 122 356 164 319 402 486 193 249 419 480 251 396 78 30 487 438 24 451 68 254 354 482 129 25 369 352 171 416 315 468 165 242 
minDistance: 7.2
cost: 60987
capacity: 71775
time: 7037
maxTime: 60000
LS1: 72409/86617
LS2: 7084/14208
LS3: 0/0
shakeIters: 7114
shakeLoops: 709
