6.9:38 7:118 7.1:4558 7.2:4811 
30 493 164 425 68 226 18 407 165 59 53 81 224 438 297 350 99 251 499 309 383 229 157 25 202 289 329 64 29 135 319 111 305 480 214 24 171 448 429 426 402 347 253 356 173 442 457 193 15 218 404 113 199 496 179 110 464 106 393 249 23 62 489 129 487 174 330 376 116 322 460 458 236 89 486 416 78 470 315 256 469 133 100 304 292 360 353 468 10 90 451 234 369 41 337 382 478 388 107 473 211 405 77 354 362 85 408 73 175 293 419 433 321 482 242 443 396 254 114 328 298 122 262 
minDistance: 7.2
cost: 60985
capacity: 71764
time: 4811
maxTime: 60000
LS1: 77083/91433
LS2: 7014/14350
LS3: 0/0
shakeIters: 7329
shakeLoops: 731
