6.4:11 6.7:36 6.8:75 6.9:101 7:139 7.1:1373 7.2:3692 
218 470 417 125 356 53 68 352 464 224 292 496 199 59 487 350 376 329 388 173 322 321 116 319 175 448 396 362 305 360 122 262 107 457 256 202 249 234 211 114 78 416 347 443 226 133 383 293 298 242 171 30 442 25 229 18 29 73 289 23 433 405 89 330 489 90 297 458 106 165 157 393 499 174 15 179 129 493 10 164 304 478 269 253 407 404 41 254 315 81 408 438 374 460 111 451 99 328 193 100 71 214 425 469 354 426 251 236 429 486 309 419 369 64 468 473 135 195 482 85 20 480 77 382 
minDistance: 7.2
cost: 61001
capacity: 71772
time: 3692
maxTime: 60000
LS1: 75163/89454
LS2: 6948/14291
LS3: 0/0
shakeIters: 7332
shakeLoops: 732
