6.5:30 6.7:73 6.9:220 7:2520 7.1:5863 7.2:7437 
458 116 356 41 193 297 214 15 416 100 30 407 360 133 298 173 289 315 376 352 175 10 460 309 64 29 347 464 487 486 383 382 330 236 480 59 473 319 73 442 253 362 25 328 211 469 113 111 77 292 90 81 106 369 179 62 256 125 226 426 433 164 408 293 470 129 218 229 157 99 146 493 425 68 482 499 107 254 135 489 393 78 443 354 89 404 171 18 372 322 478 304 262 224 348 234 122 321 438 251 202 496 174 448 388 396 114 350 242 249 305 419 85 53 429 165 457 405 468 337 199 
minDistance: 7.2
cost: 60941
capacity: 71761
time: 7437
maxTime: 60000
LS1: 72829/87178
LS2: 7013/14349
LS3: 0/0
shakeIters: 7322
shakeLoops: 729
