6.6:19 6.7:61 6.8:86 6.9:113 7:2078 7.1:2096 7.2:3134 
403 165 496 402 133 30 293 396 211 129 157 330 388 251 256 100 309 347 53 470 405 352 486 460 99 393 109 348 356 480 315 478 417 443 383 262 226 322 416 24 68 408 64 369 171 202 135 164 489 298 448 20 114 41 289 116 304 106 473 174 113 253 419 482 438 199 433 214 464 457 175 234 224 85 111 25 499 442 249 10 89 458 451 297 429 354 321 179 468 376 107 360 328 81 242 485 15 425 305 487 59 29 218 71 18 73 292 469 404 229 90 236 350 426 319 173 382 77 337 493 78 122 407 362 
minDistance: 7.2
cost: 60967
capacity: 71765
time: 3134
maxTime: 60000
LS1: 75559/90126
LS2: 7540/14567
LS3: 0/0
shakeIters: 7015
shakeLoops: 699
