6.4:33 6.6:71 6.7:93 6.8:148 6.9:523 7:17184 7.1:38311 7.2:52130 
229 224 442 410 482 457 469 111 253 360 25 404 122 292 468 100 374 15 388 171 499 429 256 114 59 77 362 165 489 369 73 328 347 175 460 99 473 113 433 493 434 214 293 405 408 393 448 249 211 425 30 352 396 6 251 330 116 53 480 199 304 353 419 382 487 443 85 81 273 289 297 438 305 309 218 321 90 202 23 89 486 254 496 164 157 133 416 298 78 262 356 29 354 173 319 426 234 236 174 135 407 226 71 383 106 376 41 64 18 478 107 315 464 470 322 458 242 129 68 10 
minDistance: 7.2
cost: 61003
capacity: 71800
time: 52130
maxTime: 60000
LS1: 67628/81934
LS2: 6172/14306
LS3: 0/0
shakeIters: 8118
shakeLoops: 807
