6.4:19 6.6:41 6.7:69 6.8:157 6.9:200 7:1182 7.1:1298 7.2:4473 
23 199 242 426 354 89 356 309 179 135 350 362 438 429 352 211 229 53 460 253 408 442 473 482 110 224 322 73 173 383 157 402 493 478 116 18 218 496 298 129 369 125 234 122 249 443 448 433 262 407 29 202 417 90 293 174 81 165 451 164 330 315 367 419 337 425 193 305 100 480 405 328 107 113 25 254 329 15 175 64 41 458 297 469 30 347 78 388 226 99 457 404 114 304 319 360 376 214 10 292 236 393 487 39 468 133 416 382 77 321 489 470 464 256 62 85 111 486 106 289 109 68 59 499 396 
minDistance: 7.2
cost: 60984
capacity: 71759
time: 4473
maxTime: 60000
LS1: 75662/89870
LS2: 7071/14208
LS3: 0/0
shakeIters: 7123
shakeLoops: 709
