6.6:25 6.7:63 6.8:252 6.9:2025 7:2739 7.1:10783 7.2:37841 
135 487 256 470 73 434 499 356 496 251 90 174 309 393 41 319 486 106 489 388 407 133 292 59 29 68 429 298 122 125 18 329 353 175 53 199 234 30 330 305 13 433 165 382 372 85 78 460 236 354 224 214 116 62 113 77 360 464 304 111 289 171 100 369 109 473 403 480 416 419 443 458 383 293 107 262 426 442 218 478 25 89 226 129 253 482 408 315 297 405 493 249 425 64 448 81 402 114 157 211 322 242 15 396 347 99 193 457 173 376 202 164 431 273 468 229 469 404 362 438 321 
minDistance: 7.2
cost: 60988
capacity: 71765
time: 37841
maxTime: 60000
LS1: 71662/86241
LS2: 6573/14579
LS3: 0/0
shakeIters: 7991
shakeLoops: 796
