6.7:25 6.8:57 7:92 7.1:3054 7.2:30904 
408 106 425 419 62 443 18 429 457 487 402 41 254 236 214 368 53 433 251 360 256 304 10 113 460 417 179 100 242 116 458 315 15 352 426 473 405 383 416 464 493 133 122 99 165 129 211 470 469 234 448 135 218 468 298 85 376 292 309 73 496 202 171 107 499 173 382 362 114 354 68 229 29 369 322 199 293 74 442 253 30 59 89 356 25 224 297 111 90 478 157 195 164 407 321 319 328 174 353 262 289 330 249 226 350 77 175 347 64 396 125 393 404 81 480 486 438 71 23 337 482 24 489 20 78 
minDistance: 7.2
cost: 60997
capacity: 71815
time: 30904
maxTime: 60000
LS1: 74244/88229
LS2: 6524/13985
LS3: 0/0
shakeIters: 7450
shakeLoops: 742
