6.6:17 6.7:114 6.8:215 6.9:465 7:2473 7.1:3783 7.2:8094 
329 125 106 85 482 297 304 469 15 89 404 352 480 382 41 171 73 396 110 30 81 214 408 458 107 24 460 426 405 273 249 298 129 179 419 59 487 425 313 99 305 90 443 202 251 457 322 242 218 442 402 78 468 438 253 165 478 393 64 356 470 113 68 229 256 376 234 383 29 292 486 226 199 417 133 135 464 224 114 122 23 347 175 362 18 369 254 493 319 236 416 315 354 164 433 473 361 262 10 211 496 289 173 157 309 293 407 174 429 111 77 321 448 330 328 71 116 489 74 360 499 25 53 100 
minDistance: 7.2
cost: 61005
capacity: 71781
time: 8094
maxTime: 60000
LS1: 72477/86657
LS2: 7113/14180
LS3: 0/0
shakeIters: 7055
shakeLoops: 701
