6.4:13 6.6:27 6.7:66 6.8:153 6.9:277 7:825 7.1:3825 7.2:4386 
328 64 41 171 321 157 236 71 419 175 214 10 249 100 90 218 393 125 253 106 388 211 193 485 330 292 322 473 304 429 174 360 135 496 226 298 111 464 376 442 195 289 383 133 329 347 417 468 457 256 15 404 433 23 426 407 179 73 369 165 493 242 25 458 305 262 173 114 81 224 489 416 480 251 59 396 478 438 460 499 356 229 402 129 297 85 487 29 30 469 451 470 382 293 482 486 113 315 68 78 309 254 89 234 408 164 443 199 18 405 202 122 425 362 99 448 77 53 116 107 354 319 
minDistance: 7.2
cost: 61004
capacity: 71794
time: 4386
maxTime: 60000
LS1: 75764/90248
LS2: 7024/14484
LS3: 0/0
shakeIters: 7448
shakeLoops: 741
