6.6:21 6.7:62 6.8:171 6.9:589 7.1:618 7.2:5249 
135 438 322 157 348 256 458 289 429 382 100 236 62 129 487 171 214 41 64 369 249 243 202 328 443 352 396 448 85 195 23 354 18 372 133 405 298 478 71 408 419 253 451 480 73 470 297 374 293 350 173 107 468 193 304 218 442 319 251 90 489 234 226 53 111 464 175 165 493 486 242 376 407 164 89 109 30 388 254 496 347 29 59 482 229 426 404 457 393 78 10 360 262 179 330 425 473 125 116 174 292 356 15 25 417 305 224 211 113 416 362 460 499 321 199 77 81 383 99 469 315 114 68 309 433 
minDistance: 7.2
cost: 61001
capacity: 71769
time: 5249
maxTime: 60000
LS1: 72366/86552
LS2: 7436/14186
LS3: 0/0
shakeIters: 6737
shakeLoops: 670
