4.4:10 4.8:35 7.4:83 7.7:107 8:194 8.2:880 8.7:1068 9:45240 9.3:58315 9.5:58823 9.9:59149 
3 24 249 339 25 259 1 4 212 315 42 447 152 313 251 114 330 498 199 143 11 18 396 472 9 411 157 129 497 499 130 106 468 27 475 324 368 23 341 293 483 147 202 319 361 376 250 227 445 390 296 2 158 248 489 331 282 138 388 397 410 125 378 385 78 185 320 80 37 93 180 488 444 121 241 71 145 183 364 420 14 395 276 41 264 292 178 461 318 268 457 77 476 466 171 252 365 177 13 151 335 49 389 405 38 435 354 90 287 60 485 72 155 132 247 238 149 184 95 434 343 221 281 176 190 
minDistance: 9.9
cost: 64068.2
capacity: 77548
time: 59149
maxTime: 60000
LS1: 89578/107273
LS2: 9025/17695
LS3: 0/0
shakeIters: 8658
shakeLoops: 862
