3.6:6 4.1:17 4.4:29 5.1:51 6.2:57 6.9:71 7.7:80 8:239 8.7:1521 9:4970 9.3:15762 9.5:16023 9.6:20502 
445 498 311 249 23 435 11 461 352 37 104 361 446 73 177 155 221 129 287 190 163 39 479 18 378 330 60 80 149 180 158 133 400 4 281 78 217 90 145 457 335 410 390 319 227 25 77 393 296 106 199 483 59 280 175 194 202 302 260 121 499 307 282 31 341 162 93 293 324 383 354 71 42 241 420 2 38 368 151 108 1 389 131 176 171 13 247 185 114 41 109 396 339 333 130 331 434 466 388 152 178 216 488 475 485 95 184 364 447 362 143 250 147 238 24 270 425 49 376 385 72 395 3 138 
minDistance: 9.6
cost: 64067
capacity: 77501
time: 20502
maxTime: 60000
LS1: 91513/110583
LS2: 10069/19070
LS3: 0/0
shakeIters: 8988
shakeLoops: 897
