4.8:14 7.4:27 7.7:39 8:44 8.7:88 9:605 9.5:866 9.6:2377 9.9:2547 
60 114 315 333 129 3 343 246 190 490 352 396 238 302 24 395 281 145 268 251 71 18 8 476 321 221 202 72 354 227 328 447 417 466 462 445 241 364 339 435 390 109 296 472 25 368 468 78 475 149 497 314 397 247 130 282 11 199 147 23 330 77 151 485 292 184 193 180 250 133 95 41 488 252 6 361 434 37 288 293 4 249 38 152 319 125 46 388 358 331 335 121 176 365 158 80 324 143 376 93 155 318 73 389 378 457 106 385 177 203 341 13 178 420 42 483 171 90 479 223 1 104 498 259 287 
minDistance: 9.9
cost: 64016.2
capacity: 77507
time: 2547
maxTime: 60000
LS1: 95403/113594
LS2: 9437/18191
LS3: 0/0
shakeIters: 8745
shakeLoops: 873
