3.6:8 4:29 4.4:36 4.8:61 6.5:153 6.9:220 7.4:249 8.7:263 9:711 9.5:1697 9.6:6939 9.9:10223 
489 250 339 247 385 287 436 282 466 196 24 476 38 125 251 368 361 227 13 41 93 477 190 461 292 18 77 324 163 488 346 483 284 383 314 352 397 331 180 121 129 315 158 109 80 343 376 434 151 420 90 365 445 71 176 378 130 145 171 354 49 268 106 8 178 95 499 104 457 238 149 390 249 462 73 143 425 99 241 155 321 259 335 389 319 395 364 3 42 184 498 72 398 485 132 318 1 388 341 14 147 11 152 475 348 296 472 78 88 177 396 221 447 25 4 435 138 281 330 410 497 293 37 
minDistance: 9.9
cost: 64032.2
capacity: 77498
time: 10223
maxTime: 60000
LS1: 94187/111579
LS2: 8053/17392
LS3: 0/0
shakeIters: 9327
shakeLoops: 930
