4.4:10 4.8:23 6.9:30 7.4:38 8:68 8.6:315 8.7:2017 9:20636 9.5:20669 9.6:31984 9.9:33533 
37 397 130 49 180 296 420 46 364 264 27 270 24 251 376 457 72 3 314 13 227 435 395 185 309 488 475 487 483 17 238 42 194 158 467 389 383 93 114 149 461 447 330 157 335 365 212 11 485 282 151 331 466 287 38 400 2 281 425 145 57 498 178 302 343 318 284 95 184 464 23 241 388 201 90 445 176 163 125 121 249 361 41 341 268 152 129 77 497 202 1 378 293 247 106 396 368 39 168 99 339 71 4 354 80 434 221 462 25 385 252 31 143 390 199 276 183 432 171 324 155 446 311 250 109 147 499 405 479 78 307 
minDistance: 9.9
cost: 64064
capacity: 77475
time: 33533
maxTime: 60000
LS1: 94160/113951
LS2: 11757/19791
LS3: 0/0
shakeIters: 8022
shakeLoops: 798
