4.4:6 6.2:48 6.5:59 6.7:142 6.9:155 7:168 7.4:173 7.9:274 8:403 8.6:492 8.7:521 9:7511 9.5:17093 9.9:25132 
80 93 477 434 9 475 466 78 104 177 152 13 49 176 178 72 217 129 39 343 115 114 2 88 25 485 435 221 420 378 354 281 95 106 247 241 90 37 361 324 352 489 447 171 158 389 341 60 321 390 259 385 268 479 250 293 184 4 24 498 376 368 151 190 467 488 318 457 425 207 319 138 1 397 249 461 227 339 31 296 238 8 202 145 42 364 468 77 335 180 71 499 18 252 396 130 400 388 143 109 194 11 395 483 121 445 133 41 497 472 330 287 147 155 149 331 282 38 
minDistance: 9.9
cost: 64057
capacity: 77489
time: 25132
maxTime: 60000
LS1: 97604/114898
LS2: 7242/17294
LS3: 0/0
shakeIters: 10037
shakeLoops: 1000
