4.4:13 6.3:60 6.5:72 7.7:94 8:249 8.6:329 8.7:440 
97 311 138 268 53 171 468 498 59 361 49 38 13 152 315 217 106 78 241 376 335 420 151 484 457 143 249 60 199 393 479 41 145 184 466 93 31 475 324 147 354 27 447 95 11 282 330 302 445 212 114 287 221 77 296 341 485 197 23 343 365 4 307 176 39 42 46 483 260 193 37 435 257 390 177 178 339 489 158 389 136 25 71 331 202 247 488 434 80 395 346 379 121 1 281 180 451 250 90 157 155 308 385 293 24 499 319 109 378 201 497 8 227 130 352 368 149 238 461 460 364 397 72 333 472 
minDistance: 8.7
cost: 64056
capacity: 77485
time: 440
maxTime: 60000
LS1: 84854/101695
LS2: 7401/16841
LS3: 0/0
shakeIters: 9432
shakeLoops: 940
