6.5:12 7.4:28 7.5:129 7.7:150 8:161 8.2:319 8.6:481 8.7:510 9:728 9.3:2514 9.5:2524 9.9:12843 
238 385 104 130 330 397 143 376 333 435 79 23 293 227 420 389 13 199 95 138 246 106 447 395 390 483 42 38 497 90 184 221 155 364 176 1 77 259 281 132 410 180 71 472 466 268 80 129 445 201 479 499 475 287 461 318 352 151 183 24 341 93 158 185 488 247 250 72 178 314 485 321 78 434 457 37 288 320 468 57 3 18 339 147 60 315 149 41 121 152 335 251 319 171 388 331 365 476 145 498 282 177 202 73 313 109 11 361 4 354 196 292 378 324 343 249 425 114 241 296 25 396 368 
minDistance: 9.9
cost: 64026.2
capacity: 77484
time: 12843
maxTime: 60000
LS1: 90280/107554
LS2: 7937/17274
LS3: 0/0
shakeIters: 9324
shakeLoops: 930
