1.78696:365 1.81248:1598 1.82517:2086 1.86886:2665 1.95938:2776 2.0203:3055 2.06153:3701 2.08362:3786 2.12583:22183 2.14209:22434 2.18767:24438 2.21964:25540 2.22438:25807 2.25231:28287 2.26135:30718 2.2644:32382 2.27555:37529 2.28523:37796 2.29417:37884 2.32485:45855 2.34865:51419 2.37503:52459 
1893 446 1525 1191 385 647 326 283 95 1199 164 669 23 1965 117 1696 1917 31 470 377 66 1533 1664 642 619 1793 674 1842 538 1193 709 198 154 622 1766 1763 782 508 505 953 755 1118 1527 1087 1585 1706 1084 1192 1722 1391 995 1791 1453 1508 1808 565 1194 1922 1202 27 170 780 36 1175 81 940 1910 592 1652 1414 1141 1032 193 613 1040 1117 657 1659 1010 333 1740 1314 175 1370 1885 1059 687 778 64 1423 715 1548 1591 51 970 720 667 1580 1492 404 459 1970 833 831 1976 1854 672 1848 1481 664 1980 158 1043 1461 1788 834 302 1667 1240 1125 1772 486 1948 498 501 886 760 1823 1597 13 114 1253 304 1684 742 46 1801 1562 1905 887 1248 100 1961 872 606 428 1951 559 1160 1586 1887 1827 1803 1879 1731 259 756 812 245 251 1142 1288 1073 388 1834 1840 1797 1822 1522 1075 581 145 254 219 73 472 94 1660 976 946 547 614 266 986 1432 68 1810 1459 214 255 1615 745 1733 1574 183 1783 572 809 1213 125 964 1732 916 1181 1462 1053 1944 1006 1478 824 1952 873 1203 17 300 455 1232 763 1256 1400 465 460 596 1726 1003 1938 412 1081 1771 1802 853 101 379 368 1557 795 632 1554 1680 1070 360 1670 751 410 1047 1576 1888 1812 447 493 1345 1214 451 1892 181 1130 1920 1153 729 1798 1337 1356 1409 1369 1273 978 820 1170 800 1556 1784 600 1625 1275 821 1009 801 1935 1661 1495 895 704 1067 1465 1999 717 714 433 897 1714 1991 344 1531 943 118 169 1545 1222 380 419 1233 223 584 1357 602 492 1790 1789 93 136 1120 984 1978 272 1020 1517 401 306 1033 1114 434 705 1552 1463 747 25 1795 172 689 1425 1471 1959 1294 197 1484 773 192 1218 1242 1049 764 530 1245 662 1975 648 1530 1250 553 1814 868 890 1616 961 836 1219 244 314 1350 1753 732 1932 1745 133 1996 757 1902 1092 488 1579 827 1904 1644 1360 1786 1464 1768 673 1921 844 211 1115 167 1230 363 1851 520 1135 912 556 1452 585 303 699 1954 635 888 621 1031 865 247 1594 59 123 1502 1862 991 1828 965 473 1424 997 903 1494 327 1682 1297 663 1028 1211 1384 989 1593 1845 178 396 422 1351 710 234 1712 1475 825 716 1724 786 1819 1190 792 774 222 1796 1091 846 1438 1988 637 1200 60 307 232 1497 1151 1280 130 238 506 1061 155 206 416 431 1779 661 32 1500 789 1913 1316 1449 1413 993 1971 1244 276 179 1611 1942 340 604 467 851 654 951 1806 1809 861 1361 1506 1268 1105 1485 1261 985 478 1303 1799 749 641 1703 1794 1695 1598 38 1513 1399 968 89 1243 625 1017 6 933 866 1833 168 1164 218 1339 328 590 1662 82 
minDistance: 2.37503
cost: 246757
capacity: 298757
time: 52459
maxTime: 60000
LS1: 6652/7720
LS2: 466/1068
LS3: 0/0
shakeIters: 580
shakeLoops: 53
