0.73941:98 1.06945:688 1.78696:1009 1.86886:1558 2.06153:2064 2.08362:2314 2.12583:21978 2.13266:22431 2.18767:22738 2.26135:24280 2.29417:34319 2.34865:34711 2.37503:42721 2.39497:46426 2.40416:48632 2.41143:50790 2.42405:50924 
1448 821 1418 451 520 201 1040 1965 1043 170 1814 1092 498 1054 1300 1242 1893 513 1399 606 997 1218 1296 1662 379 820 986 478 260 600 1952 470 1053 222 1061 492 1834 385 1810 32 164 1084 747 1320 86 1732 1081 911 1139 534 340 198 1576 333 1788 1968 1753 486 530 978 95 193 195 1506 155 508 1280 44 1862 792 1599 1971 1481 459 632 438 1942 1750 387 1480 1755 966 725 1003 799 853 667 773 1459 1014 1659 398 1917 100 717 1541 223 751 154 306 1095 377 1784 1462 266 1948 1988 1647 488 1230 1664 422 1388 1902 114 613 388 234 946 1270 1244 1703 587 1545 13 800 125 1510 51 467 1006 81 172 1369 886 1735 1763 1652 1049 641 255 1288 1059 1256 1118 1593 1461 1789 147 1731 614 1130 118 1303 1976 177 330 1574 218 1114 1009 860 868 1190 965 1959 1425 619 882 1513 1058 1350 1502 1138 302 1874 944 1465 1074 1484 1499 1031 984 844 1492 1722 1530 763 1017 68 173 79 1828 1377 506 953 742 1557 1842 1297 657 565 809 1848 1211 686 1033 328 127 259 666 1955 23 1273 1278 1696 248 1661 584 1160 46 991 1951 880 393 1200 642 1819 303 1213 714 1978 175 566 145 1854 1760 1178 90 795 136 89 1438 1361 1146 827 247 637 416 380 789 709 1996 1235 1153 1495 1181 1475 836 178 661 1888 1913 1194 1233 368 635 579 1370 989 1299 1360 760 1222 1609 621 895 1733 898 743 183 1795 192 700 1067 1047 596 307 1904 1384 1586 1192 1306 304 1783 1726 1464 1938 363 1823 1680 1808 1598 525 1786 483 1999 1616 1159 547 1695 1799 976 93 867 1351 1292 1803 211 551 360 1183 812 1884 756 1105 968 764 801 1794 1920 847 913 237 214 1253 1125 704 1980 985 590 715 1485 1977 1494 70 1991 1203 1690 472 158 829 1706 1526 1641 888 41 276 1075 254 404 1063 1712 1151 60 123 1738 674 1409 1772 1449 1250 1091 1357 1220 292 647 1935 1684 786 59 1797 168 1801 1806 1830 1413 206 1226 626 1527 73 181 1771 396 1944 1142 117 283 708 824 1522 300 1232 251 1894 505 1851 1193 1594 778 1910 664 446 1531 1391 1562 581 78 522 1316 1202 887 1563 1793 169 1885 1240 503 493 1745 314 780 658 1992 1032 1812 428 1922 834 1191 141 716 1432 1798 602 732 699 1809 1796 865 1588 1879 1533 710 745 1219 1644 1667 903 1548 205 412 970 1243 1517 943 94 755 705 1500 410 36 1915 1337 1857 179 648 1283 1822 82 1963 1697 916 1887 958 1120 285 272 1026 1932 604 1268 524 831 964 1070 1579 1970 1556 873 933 1790 480 1552 961 890 1087 1660 585 17 1453 219 663 687 556 1518 401 24 133 344 572 893 1508 66 1497 1478 940 167 293 244 1865 1905 
minDistance: 2.42405
cost: 246794
capacity: 298734
time: 50924
maxTime: 60000
LS1: 6896/7931
LS2: 450/1035
LS3: 0/0
shakeIters: 568
shakeLoops: 53
