1.82517:434 2.0203:1997 2.06153:2411 2.08362:3594 2.14209:5197 2.20593:7704 2.25231:7792 2.26135:8300 2.2644:11612 2.29417:11824 2.32485:14371 2.38732:50198 2.39497:54045 2.39599:55190 
1647 1368 672 214 1253 1967 1160 1798 1222 1714 662 272 434 812 1948 1574 1913 1576 1905 585 1942 1530 109 699 1910 732 465 1732 1031 95 604 1453 1153 1957 1771 800 897 1074 446 844 1660 1552 953 882 1480 1830 955 1806 664 1298 1556 836 789 1803 247 1819 1391 1952 1360 964 488 1244 89 1697 503 251 344 385 1795 223 1671 1695 667 1712 831 1040 377 943 1996 94 749 64 195 1492 619 1192 1888 338 24 773 1053 1624 851 1183 705 1793 1485 1894 183 1659 206 175 1763 704 1059 1484 821 1213 1242 1438 1591 136 751 658 27 1087 82 1479 1823 177 1550 648 903 1784 418 778 824 220 716 1971 1902 763 32 1667 12 632 1696 1814 916 192 380 834 845 944 606 1278 44 1703 1664 6 1616 1141 1598 304 1788 958 1211 1506 1017 1351 244 1370 1799 663 1959 1020 1203 1137 1797 745 968 1980 538 729 60 254 1135 1233 483 1047 1432 1117 433 1010 79 1513 53 360 422 624 480 809 93 613 1944 1656 307 1611 415 1533 674 688 1118 1009 1813 66 86 868 686 935 245 168 933 1562 1297 742 1114 565 1413 978 123 1772 1164 1810 1557 1706 388 1476 1966 486 1459 590 1753 1193 1988 506 545 1384 169 363 1525 1296 23 508 493 1357 179 1495 117 1280 887 1684 211 911 1786 1256 600 986 379 938 384 201 1466 1522 1726 1033 1951 1884 1225 1142 847 155 1032 181 431 501 1779 1794 1084 1418 1593 581 322 1680 232 801 1464 333 458 1076 1822 219 1146 666 234 647 438 303 572 51 314 669 1545 1670 961 710 1463 1200 163 1425 1554 1231 193 1938 946 1300 328 505 1202 792 1023 1081 1097 1965 1448 1790 158 78 1024 530 861 1361 1586 13 36 757 498 780 1232 416 912 7 873 1095 1527 238 428 164 1288 1955 770 462 492 1827 760 487 1003 68 985 276 1615 625 997 1408 15 795 1534 1585 642 327 1499 989 1508 198 1833 154 1889 1475 1214 1219 1356 853 259 1594 827 1369 451 412 657 1191 1075 708 410 1043 976 747 340 1842 547 1159 768 1698 1735 1750 1399 764 803 133 472 1250 1904 641 1273 886 1731 1572 559 621 1976 1579 940 756 332 1067 1920 1834 1487 1070 525 73 1488 614 1140 31 895 575 1481 1190 125 147 101 1091 1163 100 956 1502 59 1917 114 1652 127 1151 170 1932 1316 1801 1006 1294 339 1186 172 1130 522 1644 1862 720 1690 218 1722 839 41 1478 1063 306 330 1970 687 178 1768 478 1828 1194 221 212 1796 255 1243 222 865 1465 281 1409 1851 1783 995 984 1240 1500 1092 1461 715 661 396 1125 924 1935 1181 1313 46 283 637 319 709 1978 991 584 714 173 1120 467 1745 1199 
minDistance: 2.39599
cost: 246754
capacity: 298777
time: 55190
maxTime: 60000
LS1: 7136/8275
LS2: 545/1139
LS3: 0/0
shakeIters: 580
shakeLoops: 56
