1.78696:256 1.82517:743 2.0203:1197 2.06153:1460 2.08362:5118 2.18767:11309 2.22438:11442 2.25231:19624 2.2644:20293 2.26641:20804 2.27555:21098 2.27703:22775 2.32485:24972 
689 1641 79 7 1598 1823 1047 830 1194 82 663 1139 778 165 1992 1391 687 446 572 1808 488 1664 123 1942 984 645 825 1680 1557 801 961 716 756 1995 51 1790 1858 1518 308 1409 1579 90 666 503 658 1268 1552 226 178 1492 613 1017 1902 1740 1965 1645 94 1684 218 1779 1980 283 173 897 192 13 1695 1288 853 1893 1275 498 1760 1294 438 1225 1690 1087 824 95 1399 831 1834 1400 344 1471 251 1530 1766 622 764 1316 1413 1003 1042 699 1161 1706 958 330 1961 1245 126 1244 839 661 989 657 511 114 179 19 1752 962 1751 1851 181 1966 827 1513 1922 340 1418 278 360 1069 924 1611 288 478 1593 1151 356 32 1256 1847 786 314 1073 1506 700 1910 895 304 175 780 1696 272 1585 236 940 219 747 1978 109 873 715 1464 865 882 1160 1827 505 1732 136 1356 172 642 1722 422 1024 669 606 199 492 1368 167 212 1526 1880 1092 901 834 978 1361 1833 1480 1525 393 467 551 1298 1059 1242 1788 812 751 1292 1462 620 1199 688 68 147 380 154 1032 1230 1475 416 59 415 151 530 1369 1667 1502 861 1616 1053 565 1219 1793 211 1662 836 1218 355 1357 1211 1063 254 1562 1250 610 1075 1297 183 327 745 1433 1114 1254 1796 1190 1652 1904 1819 1031 916 1453 1810 472 266 553 133 1656 177 66 1735 1461 703 933 474 23 714 997 789 1142 1463 632 1309 1659 100 1084 1797 24 1803 302 1917 872 303 1977 1625 1009 46 402 1191 410 1033 1750 970 1141 60 903 84 968 604 1281 760 223 1813 602 1118 1043 725 434 89 1167 1159 1970 1594 1545 986 1320 1771 1278 625 365 1120 1862 1938 821 1632 985 800 704 31 1445 1952 805 1014 1806 637 1828 198 470 1487 1006 483 1988 332 964 264 182 1497 1784 1081 493 614 1153 1306 1857 585 1879 379 1360 1200 1799 584 1296 1574 206 520 979 25 1351 662 86 117 1517 710 641 1951 1527 428 1745 1926 222 1822 709 600 1905 1198 1586 1178 232 1202 508 976 1892 1484 306 285 486 1798 799 1913 487 73 387 385 1181 886 888 1635 234 170 1932 1091 324 1959 1763 1508 1280 1554 462 1438 1533 1222 164 635 590 1226 795 1076 1193 1714 388 991 1789 1495 833 522 1660 647 1996 1095 1670 412 248 259 1801 125 1459 1192 1795 1494 674 742 316 847 78 1478 101 64 673 1186 1848 1809 1842 36 1465 1086 244 1889 41 581 1772 792 1726 1240 1485 1481 1791 928 1703 377 1976 81 431 328 1214 1794 1130 1783 749 1500 946 139 977 155 1253 491 220 773 185 575 245 1479 1644 944 911 908 1203 705 1971 276 1840 1755 667 169 1753 1233 460 1556 1125 1074 1384 322 1067 844 158 1814 1935 953 1888 1370 1936 956 1786 506 
minDistance: 2.32485
cost: 246722
capacity: 298733
time: 24972
maxTime: 60000
LS1: 6906/7983
LS2: 490/1077
LS3: 0/0
shakeIters: 574
shakeLoops: 53
