1.78696:248 1.82517:424 1.86886:2176 2.03109:2367 2.06153:2484 2.08362:8043 2.14209:8371 2.22438:10992 2.29417:11236 2.32485:11475 2.39497:15395 2.39599:15621 2.40376:17026 2.42405:18631 2.43752:18768 2.44161:19035 
1992 1709 1508 467 1527 1988 1069 657 861 585 1731 1316 348 1502 304 1186 1462 1232 1479 847 223 173 1822 1806 168 1644 1118 1902 1492 328 6 590 1548 1552 716 572 245 169 1182 283 1081 154 1959 774 839 19 1556 1320 1160 674 446 1724 1120 1706 1020 78 1530 614 978 1306 1594 428 538 1797 390 812 1810 970 195 319 1635 604 756 1783 530 624 1823 1794 60 1971 1225 1562 292 1106 220 211 32 1423 489 658 1961 1574 686 897 995 424 1244 1009 1295 1413 1862 648 1690 178 1288 513 387 1273 222 1500 1978 1954 1010 422 1076 1294 177 747 1370 1616 966 498 824 1193 892 478 1178 183 38 745 985 1586 887 1067 1696 556 192 1554 1531 1438 1240 1625 1292 1253 1999 1459 1604 68 1652 164 1763 792 1772 1505 895 525 666 316 1303 1735 127 1944 1233 1786 167 1894 1661 308 1043 1798 1360 51 1726 888 73 95 1003 1525 480 1932 1880 912 667 136 340 1499 360 1557 953 825 1146 621 133 1191 330 873 401 1453 751 1893 1684 778 1667 619 175 125 1475 1356 487 1680 635 1935 647 433 882 1747 984 625 24 1518 1922 600 1889 254 757 1351 248 1801 1712 163 865 1220 276 1808 880 1017 1117 1745 844 508 1615 916 172 780 1833 114 979 355 1854 363 410 170 940 1087 613 384 31 632 1033 13 1142 1476 1755 377 1789 1361 1970 405 181 1384 663 1070 1084 90 86 206 748 1136 1957 1219 182 1494 1150 1828 997 1888 385 1588 46 1697 94 1135 1399 1796 661 408 1032 1659 1593 431 705 606 492 991 53 1632 1795 1242 946 118 1280 579 493 868 100 1791 1047 1095 506 59 396 1965 1819 416 126 1418 486 1461 1813 933 1192 418 886 986 1917 179 307 1879 1506 1181 709 1753 1703 836 1788 1545 1784 1153 306 212 1958 412 1484 699 1942 799 834 82 300 1283 1688 1463 1138 764 1268 565 773 1533 551 388 795 714 7 1842 853 642 1996 272 637 831 961 1803 1807 1600 1910 1848 1425 379 17 903 1857 155 158 1779 976 1660 89 380 1480 488 364 1825 1513 1571 622 1980 66 1664 805 1952 1732 505 259 522 821 1409 1771 501 33 581 1211 893 219 1904 1960 1598 1053 1297 1662 641 687 234 1448 800 833 344 1296 123 1278 1464 1938 626 1026 41 1495 1357 708 1391 935 1522 303 503 963 511 532 214 801 1091 1714 1059 827 1006 1202 533 1465 1200 1951 1035 742 1799 415 198 786 462 93 710 689 1159 720 662 566 1478 1579 515 704 238 1408 1250 1682 715 1760 1834 1130 79 193 470 1040 763 1517 860 251 1092 1583 760 1190 302 1151 1144 1222 1790 552 584 1695 1167 1913 968 218 789 1750 1125 1485 1369 1203 438 1766 1114 1031 964 1275 1481 23 1926 1427 81 
minDistance: 2.44161
cost: 246768
capacity: 298792
time: 19035
maxTime: 60000
LS1: 6937/8007
LS2: 486/1070
LS3: 0/0
shakeIters: 568
shakeLoops: 54
