1.78696:260 1.82517:610 2.0203:8239 2.03109:8404 2.06153:9615 2.08362:13013 2.13266:18517 2.14209:19829 2.21964:26289 2.22438:26502 2.26135:27789 2.2644:31163 2.27555:32354 2.29417:33345 2.32485:37392 
1225 1885 1391 1118 979 1690 1588 732 1295 1233 13 1874 1644 90 1996 1593 673 1533 183 169 1904 587 827 714 1991 1296 1485 1510 1788 1900 1574 1268 1141 1475 1517 522 1360 251 1766 283 593 1178 853 1448 745 1790 916 833 572 1763 1894 717 363 177 1798 687 951 961 747 1527 1125 1810 1726 861 432 663 710 1191 276 812 1111 1948 535 368 1828 614 647 60 1965 1703 1114 416 1479 86 1922 604 1461 1880 1283 1092 1747 172 68 1216 957 1244 602 1040 1067 181 888 446 534 1031 1256 1494 401 285 1369 340 1081 1664 709 1153 1579 410 1181 1879 847 1288 1755 1889 821 1854 438 503 613 1192 969 1959 635 1303 610 1910 1275 1075 1499 1660 1043 1819 825 1760 1069 1053 1522 705 953 81 1961 1809 101 763 944 1214 1750 498 1913 304 51 1753 1232 1833 114 1808 912 1921 515 1120 1106 903 84 716 1032 661 1459 23 1506 1222 832 405 175 483 619 1199 1793 1698 360 1235 1130 1245 1414 303 1814 1917 179 1695 1783 585 154 95 590 387 520 530 1453 1862 699 667 824 333 431 933 46 1074 1735 1006 212 1132 109 1028 1327 415 1952 168 1500 1300 800 1556 801 1280 1010 1095 1791 1938 611 313 82 751 525 1554 417 170 566 984 1706 1978 25 755 632 1668 1370 1659 506 117 1684 1350 1198 1731 19 1850 1970 173 664 434 1377 1190 1059 36 404 1865 1213 1418 513 288 1594 73 1413 1888 1240 1643 17 94 1784 1273 1585 1845 478 1712 1942 1306 882 488 1957 666 795 1795 704 1513 669 100 330 1087 978 1680 995 1003 24 873 1696 774 1545 805 1086 306 946 1049 158 255 486 1857 642 1797 326 272 328 742 834 1009 1526 1361 1238 470 581 1033 1794 1848 278 1812 192 1976 244 32 1151 1409 584 780 214 725 1518 316 222 674 211 428 1163 1583 54 1963 976 76 467 259 989 118 1464 393 254 715 1796 167 985 1851 7 412 908 1495 1017 1842 964 314 1745 178 1552 1932 1935 1463 155 600 799 385 238 1487 756 1177 657 1764 123 1047 1219 219 890 708 206 444 377 848 935 127 93 1250 1211 1771 1462 38 865 1971 1408 1827 773 1652 1242 789 792 1911 164 198 1202 648 508 641 1803 1193 778 620 1697 1954 1502 492 89 1073 1806 1339 868 955 266 1200 66 970 27 1142 1061 193 458 1667 721 1357 1351 1160 1732 1530 248 606 1548 125 1632 1926 928 1531 237 1992 1799 365 1562 639 1980 1525 234 1801 1822 1988 136 137 986 997 380 1465 1481 1438 844 538 621 835 787 940 1492 689 932 327 501 49 1316 1779 1823 929 867 133 59 1484 1834 348 1292 1508 1084 1557 1425 1144 786 1786 911 182 1967 1337 553 218 836 223 1598 1902 489 299 1384 662 895 625 1586 1923 1035 681 1203 388 1230 939 512 
minDistance: 2.32485
cost: 246777
capacity: 298752
time: 37392
maxTime: 60000
LS1: 6655/7752
LS2: 511/1097
LS3: 0/0
shakeIters: 571
shakeLoops: 55
