1.78696:323 1.82517:695 1.89006:913 2.0203:1128 2.03109:3364 2.06153:4482 2.08362:4850 2.12601:9787 2.14209:10180 2.18779:10659 2.21964:10834 2.25231:11276 2.2644:22861 2.27555:25454 2.28523:25570 2.29417:25768 2.32485:46357 
251 1115 530 1438 1993 667 73 82 327 470 154 1453 1959 836 551 1386 913 1031 1902 1219 245 1462 1645 888 1288 89 908 306 978 1114 1978 1660 344 1399 520 1316 795 575 1230 164 292 445 1069 1153 961 515 232 31 181 985 1495 1684 1644 416 641 755 604 759 824 201 1986 434 1391 1296 890 1081 36 662 206 1991 1033 1097 844 1233 1163 1812 1741 1905 714 1951 614 123 732 867 958 1373 1794 1087 600 388 1106 1786 989 1026 266 179 1484 786 709 60 1025 893 895 1112 642 1142 1680 1388 1487 673 1992 745 505 155 774 302 385 93 1513 198 710 1017 101 283 912 1574 1361 1803 174 211 1160 489 1819 333 151 167 1075 1295 860 1616 946 460 1253 705 438 508 125 1745 1691 380 1801 757 1203 322 1880 1556 1502 488 1202 801 1009 127 1271 10 1306 46 572 1222 831 59 1810 1214 300 1225 1799 175 1053 94 1593 1400 1783 259 79 1857 1181 117 1360 1530 827 648 1647 303 833 1292 1369 1731 483 498 872 1971 364 565 170 1695 1889 789 1245 1193 632 51 579 513 1517 272 1944 360 1917 873 1585 1966 363 1952 1476 1697 136 1960 1696 1140 966 1139 1084 1904 1920 1107 590 1552 340 32 725 19 506 944 1518 1475 1738 1652 1086 1771 584 1791 778 1409 853 1576 1167 1448 1813 1465 669 401 433 547 451 1002 1463 820 1458 995 1850 1351 1766 780 619 1043 1151 566 1888 1833 782 492 81 412 1913 699 1557 538 1659 647 664 336 1392 1599 1091 1806 1562 503 1834 428 1779 858 621 1894 1965 467 377 606 486 68 90 1823 1828 1345 559 625 1789 792 671 1413 1588 1418 234 86 1092 1280 1848 1531 1667 1006 1641 1059 1885 1250 1481 940 1021 7 1047 953 1432 748 493 1526 1935 238 787 657 1200 751 1533 964 1732 968 254 218 6 1118 637 1910 402 1527 933 276 1661 1525 190 23 214 66 1330 100 1522 1798 1067 1980 613 226 1459 172 1425 192 715 1357 1032 1822 1461 1703 1999 1070 1865 114 1102 764 415 1975 986 1073 13 1485 422 1722 1159 1825 1932 704 1464 1970 1074 173 1844 635 839 1726 522 109 553 598 1211 1190 501 219 1244 821 480 183 756 1879 158 1105 1125 1788 1191 379 368 169 763 1961 1297 868 1808 1752 1061 916 800 446 1545 1976 1478 708 1768 223 316 1690 658 1492 1384 1683 38 674 1635 1500 1594 1735 716 314 886 1320 1120 168 1232 1141 1586 666 805 133 1988 1278 410 1797 304 1192 970 95 1938 812 689 396 1777 1893 222 54 984 865 1795 769 1494 1842 431 932 182 783 1784 1548 1763 1321 199 663 193 178 1579 1664 195 903 661 687 1303 365 1809 293 212 1242 976 1508 1996 455 1235 1598 742 948 738 1796 1240 1862 
minDistance: 2.32485
cost: 246781
capacity: 298735
time: 46357
maxTime: 60000
LS1: 6801/7901
LS2: 497/1100
LS3: 0/0
shakeIters: 586
shakeLoops: 55
