1.82517:273 2.0203:2812 2.03109:3124 2.06153:3317 2.08362:5751 2.18767:7233 2.19346:7425 2.25231:7598 2.26135:9304 2.2644:9397 2.29417:9707 2.32485:10849 2.34865:16264 2.37503:21810 2.39497:25129 2.39599:26357 2.40376:28480 2.40416:31689 2.43752:31963 2.44058:34174 
133 158 1461 868 1413 1670 704 1557 821 524 438 895 742 306 667 1978 173 1801 812 1893 886 1795 125 1545 1191 1178 1977 1250 218 506 1253 820 344 833 1661 410 613 1203 1803 604 1615 54 1579 847 478 614 1958 525 1552 1497 1819 1020 867 1194 984 424 1625 709 1902 174 584 1976 1884 717 1825 1160 1142 745 27 1917 1306 198 1480 944 976 1368 1230 1900 985 314 178 1371 1845 964 647 179 1879 1576 1690 743 36 93 330 237 1200 619 1067 1712 1971 1771 778 1970 827 192 756 100 1084 254 1190 953 1320 1244 428 283 1530 1806 1144 981 300 470 1081 1316 530 68 1106 1788 1894 1935 508 1356 1779 164 958 1797 1624 1910 487 903 579 363 385 94 1518 748 251 147 887 1499 1181 938 1192 956 1562 1822 1240 1652 89 522 195 1959 259 1117 836 1790 637 211 1478 1786 1463 1273 245 581 1944 1377 1219 1726 1199 749 123 234 396 1745 590 870 666 1095 416 1500 1799 641 1735 322 1069 1232 1809 1813 592 1763 1183 572 308 1810 1102 1040 1242 362 1339 686 60 663 170 1288 66 488 172 1667 223 658 799 220 1554 901 946 1783 1391 219 1593 1932 1164 763 1408 285 1150 304 1533 1033 1053 1294 1513 307 624 1798 622 865 79 1506 705 1913 168 1904 214 1942 1495 606 1680 1070 1233 1313 405 1400 13 31 662 801 916 1043 1961 626 1502 1453 1664 451 1574 1425 687 1889 38 327 844 489 1905 155 839 1047 1862 1823 422 1753 1980 379 853 1966 991 1660 1485 1834 101 486 792 556 559 1697 1464 1684 774 1586 764 1118 1268 492 824 249 789 1996 1351 708 1218 1827 661 1153 247 1300 800 716 446 602 82 127 272 167 632 831 458 1226 880 32 1360 450 1481 1423 472 169 654 1458 1965 1120 538 1370 1656 700 1087 1854 303 467 1598 759 873 1076 1857 1459 1616 1432 46 73 970 888 834 19 1114 674 1887 1295 1789 493 1842 182 156 723 1297 965 1922 432 1527 520 255 1644 1059 1438 505 355 212 1009 912 1151 1163 24 710 340 1556 1017 1280 692 1296 1136 1202 1696 1476 183 1812 1946 1784 1388 715 1222 136 401 1045 114 1123 1384 1138 986 1752 1772 1225 961 657 1031 1828 276 1479 1130 1211 1492 1594 1888 883 477 1092 1659 940 829 933 154 1484 1074 969 1091 1361 1508 1141 51 747 725 889 1006 59 377 1526 1303 1073 328 1135 1794 1418 109 1796 1695 95 1125 181 333 1139 503 967 1522 1585 222 1357 117 1369 978 997 625 324 360 118 1235 1755 175 1292 1926 1399 1213 699 90 201 1833 1938 642 1032 1791 248 1808 23 1448 498 1948 1848 86 412 635 585 1954 1193 767 206 689 1465 41 1952 1275 1750 1760 751 565 795 380 266 388 732 
minDistance: 2.44058
cost: 246793
capacity: 298757
time: 34174
maxTime: 60000
LS1: 7026/8103
LS2: 493/1077
LS3: 0/0
shakeIters: 564
shakeLoops: 54
