1.53955:259 1.78696:558 1.82517:825 2.06153:2419 2.08362:25989 2.12583:39012 2.12601:39974 2.13266:47455 2.14209:53950 
663 1386 1495 388 1562 1479 247 1235 1766 170 1222 183 836 1366 380 1360 1952 1545 622 1791 1144 1598 1932 696 125 1667 1453 1092 377 1232 360 248 1803 101 986 1003 416 1091 467 1214 1462 147 805 462 1522 669 1790 1920 1180 1652 493 739 784 1541 606 1226 73 530 1574 1499 167 1438 859 1938 384 417 1288 793 117 175 1233 1563 964 1486 254 1991 288 1087 499 506 1530 897 800 888 211 699 1712 1242 1845 1373 303 890 1275 79 984 1014 285 1680 330 1465 654 1915 553 198 1844 154 307 25 1041 1531 1951 1556 505 1485 1497 892 1965 306 989 1139 1152 1106 833 1399 1809 786 245 206 1017 470 1655 1163 1130 1481 1297 214 953 1273 251 985 637 232 687 54 23 304 1292 457 329 1959 1316 1966 394 192 1967 1913 1775 1506 751 438 1823 133 789 156 1009 277 903 1703 1825 220 1059 745 276 1797 490 1670 1745 662 1826 1935 1384 93 1295 173 68 1518 1303 51 1193 592 404 1842 1848 556 1086 1591 1475 38 127 1689 1464 428 223 1280 935 1203 1879 1893 763 1885 1910 1771 1461 486 1548 164 946 1779 1660 1296 1888 1961 1006 236 1190 1067 1999 1055 1783 1337 492 961 1616 379 1093 827 1170 520 503 1834 1433 1043 916 363 36 1278 1243 1425 478 1571 674 365 1763 89 1218 65 82 732 686 1356 1819 1074 940 66 1810 1350 203 1743 1084 1691 151 1624 1768 760 105 1795 895 968 604 1862 1081 19 314 764 954 1159 178 598 865 1917 1306 299 795 997 412 1118 593 1463 212 976 1971 1432 1192 873 1508 1734 387 584 613 1073 1413 1049 1690 1822 1153 1586 1219 1240 332 642 661 1125 480 666 619 410 336 778 565 292 1160 1033 710 1032 1902 1191 1050 100 1808 981 1024 1772 472 179 1320 1585 579 801 1484 446 824 1552 759 1644 1268 1801 1409 114 1753 255 477 1894 373 1533 704 1245 1827 1459 1100 1294 1480 1684 1696 883 1200 1942 820 1031 610 1697 1300 716 1789 647 1283 434 340 1889 792 933 1742 958 1812 1625 327 1076 1151 1492 590 658 1513 657 581 1978 688 1164 1796 385 957 222 1887 572 163 821 31 1977 1369 825 709 1525 1828 244 1594 1019 1600 551 1695 364 1526 172 1500 614 1517 59 568 1478 123 1202 90 1756 136 893 943 1370 1651 1361 1996 1253 46 1512 259 1468 1527 234 868 1671 908 1629 1641 1423 901 169 155 498 705 302 1798 420 1395 488 641 714 278 742 1141 632 451 1120 1181 1142 525 1114 769 1904 444 95 1988 1211 721 624 715 596 219 1693 1806 1388 1794 1664 853 168 799 600 783 272 844 1788 1502 1053 1351 158 910 514 1854 774 1659 1579 667 1851 1976 181 41 1383 195 1538 534 283 86 1333 308 1244 1199 1975 625 585 333 218 965 1250 602 547 1726 398 1550 348 60 743 
minDistance: 2.14209
cost: 246797
capacity: 298740
time: 53950
maxTime: 60000
LS1: 6762/7790
LS2: 421/1028
LS3: 0/0
shakeIters: 598
shakeLoops: 58
