1.78696:244 1.81248:379 1.82517:603 2.0203:1775 2.06153:1923 2.08362:2305 2.18767:30712 2.21964:34889 2.22438:38938 2.26135:43979 
565 1102 1684 522 385 1590 1788 179 1712 1772 1951 222 1337 687 1244 1245 1373 1356 76 610 1766 619 1240 1081 1722 1167 834 510 308 60 1192 1125 84 1506 424 1562 590 388 600 1476 970 93 168 23 1803 232 1242 632 824 195 1253 1009 635 901 1667 1069 1579 657 945 276 1888 164 1680 223 581 1092 304 1178 1548 768 1640 1533 158 415 364 1508 1351 1357 1935 1006 1791 1764 746 1790 283 867 508 1114 1894 36 1991 903 606 625 314 831 86 401 946 620 285 1975 989 330 1021 1438 853 1552 27 1409 1783 1920 328 1273 621 774 1459 1160 1526 167 1833 1768 572 1585 1278 1598 795 778 219 51 1120 833 688 721 79 1703 1865 1214 1999 1545 704 756 710 1763 1199 579 234 46 327 1879 1644 1525 783 1279 493 1735 1360 255 1017 1386 1294 1117 1086 716 478 547 344 888 1464 1740 1061 1258 1219 1905 1413 89 957 109 873 133 254 1806 1316 1845 1268 404 31 1822 41 1960 412 1295 813 73 760 1697 1485 1198 1211 1479 1159 647 596 1361 933 1765 419 333 1848 1976 1200 1593 1779 1191 1946 1492 1980 1203 592 206 1726 1401 1014 1292 827 1250 1517 1889 1952 956 792 1432 674 1662 118 490 1963 492 1481 151 1576 462 699 1801 1995 661 184 324 715 964 59 836 1630 340 613 642 170 1786 117 1453 1771 1369 763 985 525 1793 773 530 434 1623 997 828 1032 1530 1594 1151 662 416 689 1059 1981 1118 1275 1652 805 1971 830 17 303 94 1660 575 82 396 1448 663 1802 958 709 1978 1388 584 218 961 1480 839 622 1902 467 260 1762 1745 1190 483 1797 835 1885 1119 211 174 410 1948 1716 1992 1325 377 251 1928 1827 34 1303 1427 1917 1461 886 66 380 1153 986 302 614 1181 1819 1007 1074 38 789 1222 214 1350 181 1733 125 1714 748 198 1428 105 1823 1556 1463 908 1043 667 459 1076 764 1921 100 1690 799 866 1090 486 1288 1087 1495 534 666 169 800 24 221 751 1866 1738 405 1499 978 1942 1959 25 1695 1033 503 1484 868 90 1400 363 801 965 1938 248 178 624 1554 183 585 192 95 1809 1854 1502 1320 1574 1926 1915 247 1784 182 1505 692 1932 742 488 1084 714 1091 556 54 259 1183 732 976 890 173 1625 32 1970 1750 177 1965 780 1813 1218 365 1193 1988 1425 1050 1706 1641 1475 1996 739 520 1146 245 1139 489 1323 825 1527 438 175 1828 172 953 705 745 360 553 379 1513 505 155 1810 1142 422 1698 1659 648 288 1202 451 1904 1910 895 641 1174 498 1002 816 1067 916 506 1795 1624 428 1053 598 821 1031 68 1186 658 1518 1538 81 1238 1913 743 165 1862 266 238 1384 812 1842 1141 418 101 201 1306 1462 194 154 446 717 669 1327 1233 882 559 1753 1280 1844 865 1500 136 1664 306 501 944 1882 940 844 13 
minDistance: 2.26135
cost: 246771
capacity: 298757
time: 43979
maxTime: 60000
LS1: 7052/8119
LS2: 475/1067
LS3: 0/0
shakeIters: 582
shakeLoops: 57
