1.72264:341 1.82517:825 1.87265:9828 1.93064:11670 1.95938:11866 2.0203:11961 2.03109:12419 2.06153:12524 2.08362:14978 2.12583:15214 2.14209:16432 2.26135:22418 2.2644:24639 2.27555:24755 2.29417:24892 2.32485:25074 
114 1142 1791 792 379 172 212 853 1219 743 966 581 1965 1084 1552 1409 1238 985 133 559 136 1076 1586 1141 1485 687 1814 657 51 1579 1461 1432 1560 1913 415 330 1462 705 1842 1765 506 192 1910 888 1795 1480 363 60 1463 488 179 1771 1938 1772 1996 193 1500 416 585 1644 1031 164 151 1696 1408 1952 89 820 1848 32 1006 505 1002 489 355 709 946 1160 1508 662 940 1796 801 606 1894 1682 1526 600 710 590 1384 1370 1854 757 1812 1146 1797 847 868 1043 117 1295 1273 1303 989 470 1120 672 786 553 1635 1506 155 13 997 118 1643 1971 1369 777 821 438 1240 1562 410 1245 1970 1192 1799 66 1202 467 708 1235 812 1092 831 1961 1656 314 214 1819 1935 1556 1316 1115 304 31 953 1790 1502 1808 1904 647 715 1105 1735 1478 1847 1525 763 667 908 1256 1793 886 446 1747 1574 299 525 17 620 428 1070 1631 365 272 1783 984 1889 1822 486 38 1684 1806 1106 1680 1948 1167 1652 498 1706 622 976 404 795 156 1214 167 742 632 1786 1284 30 1200 663 1548 1779 168 387 1557 658 1698 1191 1021 916 1513 480 1664 1181 824 81 508 232 1661 1823 669 1118 1585 1091 1453 1695 1399 887 483 572 704 799 1203 1484 1905 333 1980 903 873 303 1576 432 845 1784 1533 344 362 1834 778 1020 943 867 865 308 1199 1660 991 44 1159 1211 1612 834 895 1752 1731 1712 1988 1598 1032 1722 385 199 218 54 328 1726 1703 1959 756 23 125 1178 478 1702 1288 1530 1967 25 169 964 408 1063 1017 1951 1851 1488 773 1253 254 635 745 396 1350 1033 1499 1135 90 789 1268 36 642 247 1885 147 1081 327 912 93 1803 1755 1465 800 109 1550 1888 1750 1932 641 1139 1845 1815 1616 1294 674 324 178 1691 154 1449 1087 1942 979 244 1920 1594 198 520 401 1753 575 68 211 522 839 1763 844 175 1244 94 1862 584 123 473 689 493 194 1153 206 1425 492 1448 1242 1768 1481 1233 1306 968 1140 1053 1067 1495 556 833 1893 73 1798 716 412 1554 1527 158 237 764 1827 1794 827 1593 1659 127 1944 1522 961 115 434 893 858 1492 234 1879 1954 380 1438 293 1003 183 621 1163 614 1788 805 1857 181 100 1413 732 545 1193 1459 1059 1810 933 377 259 433 661 1902 364 866 1125 1813 1250 1357 1190 965 730 472 1828 1296 986 637 613 1232 1086 86 666 1545 219 1464 530 760 625 1278 340 238 360 1074 1222 223 1073 911 46 283 1518 1361 1957 306 222 1114 1801 751 1150 1275 1225 1976 173 699 1095 1351 240 1884 1009 170 1360 673 1978 1151 251 1667 1917 1130 95 1466 388 1494 1356 1517 1977 82 1745 836 551 1923 1174 503 417 714 1138 1280 624 
minDistance: 2.32485
cost: 246739
capacity: 298753
time: 25074
maxTime: 60000
LS1: 6904/8004
LS2: 491/1100
LS3: 0/0
shakeIters: 593
shakeLoops: 57
