0.73941:95 1.78696:497 1.82517:888 1.89006:2068 2.0203:2586 2.06153:4590 2.12601:5265 2.14209:5527 2.17448:6609 2.21964:7162 2.22438:8648 2.26135:9769 2.2644:39212 2.27555:48934 2.29417:57840 
1696 1306 1904 1060 1097 813 238 488 940 1884 978 286 686 214 1585 1120 1031 1712 498 787 742 760 1288 89 480 1957 525 1453 105 395 1230 164 821 1357 406 462 1506 1400 709 327 491 1563 404 1495 1862 412 467 756 1976 1199 1690 1360 708 1799 234 19 522 486 46 642 538 1240 94 1190 1885 68 1197 867 1059 1624 1500 755 1518 600 1779 1361 7 786 533 380 1810 1087 1478 438 385 168 86 512 1808 1703 1303 1219 1020 60 1073 1386 1508 174 946 1822 1851 492 613 1245 223 36 198 903 514 1220 800 316 330 314 861 1497 1963 251 1771 1337 714 344 836 792 1476 506 1033 1593 1278 933 266 1316 1180 1408 1959 1130 1449 964 789 669 154 716 833 824 1796 912 1598 203 769 1828 1662 1480 1181 958 1935 961 1823 1760 1971 1788 1413 219 1070 873 1191 1298 221 1151 109 1910 778 459 1854 1313 1178 1135 606 865 307 1462 1399 1784 827 451 1202 422 805 1455 363 1377 674 31 1961 1273 195 868 1485 691 245 1893 428 1977 1043 1688 689 1527 747 635 237 801 285 895 795 1880 1222 1193 1942 1632 170 220 1526 1879 137 1351 1857 1707 717 82 1865 1827 340 304 365 1283 1067 179 387 575 218 1533 478 1074 1499 970 505 945 592 1409 916 1622 1369 1763 1452 1574 1510 1032 9 1487 1850 1944 1249 888 1292 368 183 641 1388 584 1722 984 1789 278 520 598 986 1238 1809 1481 1513 32 1745 886 125 1484 1664 1791 673 172 59 1244 663 1798 622 1253 1092 431 1652 416 178 1141 565 1753 276 1965 1164 1667 1801 1594 657 155 938 759 114 158 547 624 1114 25 553 1268 1552 377 1797 1160 662 182 1755 1803 163 1790 632 1579 572 1812 51 1384 1988 1009 1530 483 1017 1842 1159 1463 1644 175 1794 890 1783 1314 751 1545 1795 333 725 1793 625 1966 1958 259 1926 255 704 1714 1659 1084 1256 23 1250 254 1153 1917 715 117 604 1806 1525 1118 944 13 1106 1522 232 619 1294 169 1418 1684 658 1242 585 1951 1049 1233 1350 1035 551 1952 1641 596 976 66 1320 1833 101 1139 1932 1214 1975 908 1556 1554 1819 1053 688 1385 303 1138 1889 434 1992 1695 1651 989 147 1615 1213 244 348 133 1999 637 302 95 1562 206 1465 1192 118 883 192 1203 446 1680 1502 1692 799 93 732 1978 729 173 985 1492 1175 388 745 831 853 1125 1414 1091 429 647 614 687 1086 763 1200 648 1438 581 1616 1920 661 1025 1768 1142 1296 136 774 705 962 493 1102 1660 508 1391 272 1888 1991 699 410 534 530 1922 100 1211 379 664 667 283 1275 1970 1461 1280 38 1894 211 1938 1913 1996 193 1300 844 643 1853 123 1814 151 997 1923 524 1557 1726 306 181 401 1464 1081 1902 968 1105 222 710 1980 127 953 1006 130 1731 681 
minDistance: 2.29417
cost: 246738
capacity: 298762
time: 57840
maxTime: 60000
LS1: 7021/8083
LS2: 457/1062
LS3: 0/0
shakeIters: 590
shakeLoops: 57
