7.7:32 7.8:87 8:209 8.1:251 8.2:401 
450 491 367 121 74 28 312 397 271 330 132 290 329 253 482 142 338 154 163 429 478 72 40 292 150 281 112 54 343 356 220 443 428 94 457 279 361 363 160 409 300 95 127 452 372 84 374 99 468 1 148 36 251 384 441 68 58 380 456 37 255 349 415 32 382 65 238 97 87 294 489 315 52 92 126 147 140 426 223 434 480 188 178 488 390 205 252 366 235 202 404 321 435 200 229 254 274 145 118 285 350 133 85 273 470 119 319 486 467 151 345 268 189 
minDistance: 8.2
cost: 89775
capacity: 74914
time: 401
maxTime: 60000
LS1: 161337/168193
LS2: 1792/6856
LS3: 0/0
shakeIters: 5051
shakeLoops: 503
