7.9:66 8:114 8.1:218 8.2:346 
441 121 151 424 112 1 410 467 160 24 452 235 120 73 349 87 286 450 54 148 190 273 255 435 294 150 220 28 178 416 97 52 133 434 188 322 27 254 305 397 404 468 319 113 428 345 251 72 290 456 92 58 132 409 200 330 65 94 252 274 74 141 95 22 363 392 285 487 281 361 370 213 36 482 398 271 193 453 350 126 162 145 489 382 253 240 315 457 19 279 366 486 189 338 470 300 61 99 142 154 202 415 268 460 12 140 321 32 223 343 387 183 384 127 
minDistance: 8.2
cost: 88092
capacity: 74876
time: 346
maxTime: 60000
LS1: 132615/138250
LS2: 1710/5635
LS3: 0/0
shakeIters: 3912
shakeLoops: 387
