7.8:31 8:116 8.1:186 8.2:290 
450 397 72 200 286 350 132 54 265 300 491 441 277 457 74 61 456 486 279 305 367 452 163 87 215 160 241 223 151 46 65 363 398 140 409 97 434 270 188 154 99 146 268 360 274 372 119 235 31 254 374 321 24 148 382 202 415 431 478 58 428 253 121 141 162 255 142 292 467 193 84 251 470 95 410 252 329 290 349 150 480 343 127 126 145 32 242 310 424 345 14 392 468 420 52 361 118 92 271 120 338 36 104 330 22 294 281 173 1 240 472 170 319 315 384 68 45 178 
minDistance: 8.2
cost: 91432
capacity: 75019
time: 290
maxTime: 60000
LS1: 151446/158868
LS2: 2990/7422
LS3: 0/0
shakeIters: 4414
shakeLoops: 438
