7.9:84 8.1:216 8.2:919 
449 366 146 36 215 32 343 384 429 205 142 434 74 99 274 127 113 435 145 148 290 456 398 345 491 285 457 238 278 72 189 450 126 486 374 154 119 121 416 95 472 251 68 22 424 380 305 253 363 392 452 1 286 132 382 279 349 140 415 431 58 200 89 467 351 340 478 65 87 420 151 268 54 160 428 240 270 45 330 480 139 410 254 319 170 84 321 315 242 188 97 361 409 300 213 202 441 26 92 281 350 292 352 178 372 360 271 470 294 24 235 47 118 252 397 
minDistance: 8.2
cost: 91412
capacity: 74957
time: 919
maxTime: 60000
LS1: 157323/164385
LS2: 2316/7062
LS3: 0/0
shakeIters: 4732
shakeLoops: 471
