7.9:47 8:65 8.1:149 8.2:854 
193 268 200 1 139 270 457 372 89 220 24 142 92 87 119 150 154 213 65 255 237 85 480 363 178 251 349 37 240 189 148 127 294 345 380 350 470 252 319 398 415 292 12 486 54 315 409 45 441 478 97 397 95 392 94 290 452 151 239 74 58 340 343 145 51 121 84 120 322 160 285 366 434 271 417 467 188 351 276 361 112 450 235 132 468 61 202 456 183 435 416 9 170 300 180 374 279 36 72 281 404 330 140 190 428 424 254 126 133 99 253 113 316 
minDistance: 8.2
cost: 88014
capacity: 74877
time: 854
maxTime: 60000
LS1: 140590/146722
LS2: 1900/6132
LS3: 0/0
shakeIters: 4215
shakeLoops: 419
