7.8:49 7.9:119 8:164 8.1:215 8.2:856 
47 268 132 32 25 215 457 322 429 397 162 87 330 428 112 85 392 84 290 121 37 366 189 146 281 202 349 254 89 271 356 340 352 472 154 294 150 182 439 285 99 58 9 424 160 434 400 486 470 151 242 398 300 213 328 420 1 36 188 251 140 148 467 415 497 31 279 239 337 319 341 24 270 378 359 456 350 435 252 170 343 267 139 404 452 39 180 441 65 292 345 103 409 416 72 145 54 220 193 363 237 321 142 95 361 183 491 45 480 178 119 309 487 478 315 372 113 
minDistance: 8.2
cost: 91475
capacity: 74915
time: 856
maxTime: 60000
LS1: 139610/147177
LS2: 3435/7567
LS3: 0/0
shakeIters: 4119
shakeLoops: 410
