8:82 8.1:165 8.2:518 
429 205 424 189 268 26 254 487 349 126 336 363 441 270 361 251 85 74 372 38 36 404 279 188 397 416 378 127 350 356 274 434 491 380 382 281 146 467 220 452 294 486 75 213 65 89 435 457 215 142 148 428 121 343 252 154 384 480 139 271 183 170 54 324 415 160 351 410 32 345 400 130 1 315 185 151 87 45 97 140 84 141 285 24 322 47 478 330 470 366 200 113 58 420 253 72 409 290 238 319 182 145 392 31 112 338 472 52 398 132 133 99 300 235 178 
minDistance: 8.2
cost: 91412
capacity: 74856
time: 518
maxTime: 60000
LS1: 147563/154444
LS2: 2227/6881
LS3: 0/0
shakeIters: 4643
shakeLoops: 462
