7.7:28 8:94 8.1:142 8.2:371 
366 487 251 19 415 141 285 300 254 345 160 294 72 52 351 145 343 349 151 428 435 170 361 132 363 235 54 126 178 127 290 99 112 387 338 84 416 213 215 193 253 140 142 398 382 460 32 330 97 315 61 420 441 98 242 486 121 154 200 58 268 270 95 312 92 322 158 148 28 26 429 456 409 467 319 74 457 392 470 9 202 380 252 468 1 321 240 65 188 279 274 37 12 271 404 453 139 24 286 426 305 189 269 255 397 119 87 450 482 94 281 212 292 36 452 
minDistance: 8.2
cost: 91296
capacity: 74869
time: 371
maxTime: 60000
LS1: 139010/145529
LS2: 2389/6519
LS3: 0/0
shakeIters: 4120
shakeLoops: 409
