7.7:19 7.8:153 8:211 8.1:263 8.2:993 
450 58 180 292 182 65 409 87 189 213 39 239 132 36 491 92 251 103 452 95 343 69 413 359 360 345 145 372 486 294 1 63 441 468 84 405 397 319 45 193 356 457 315 202 24 72 281 424 303 255 54 449 113 350 416 328 363 112 26 31 398 9 139 352 361 435 340 401 151 373 119 270 268 366 467 415 154 271 74 140 242 374 188 190 178 162 200 310 237 482 85 253 25 94 51 410 285 290 127 89 121 456 330 267 478 434 118 170 279 68 480 392 429 252 148 99 160 349 428 
minDistance: 8.2
cost: 90601
capacity: 74870
time: 993
maxTime: 60000
LS1: 142690/149716
LS2: 3031/7026
LS3: 0/0
shakeIters: 3982
shakeLoops: 393
