31.7:17 38.9:33 39.5:52 40.4:75 43.6:91 44.7:143 46.2:156 46.6:162 47:231 47.3:654 47.7:681 47.9:963 48.2:1007 50.8:1060 52.4:1146 52.7:1256 53.1:1630 54.4:2957 54.5:50719 
384 261 260 98 155 57 35 374 270 105 70 71 494 404 197 228 134 422 391 308 452 441 253 246 252 120 383 137 335 349 368 44 164 122 162 445 25 434 476 406 48 195 342 370 15 456 40 499 8 283 241 409 451 465 426 222 483 30 153 248 264 60 435 392 82 450 224 150 416 417 
minDistance: 54.5
cost: 63635
capacity: 51826
time: 50719
maxTime: 60000
LS1: 442917/461238
LS2: 6530/18321
LS3: 0/0
shakeIters: 11771
shakeLoops: 1173
