29:7 36:35 40.2:61 40.8:74 41.5:81 42.4:99 45.2:232 45.9:239 47.6:325 49.5:384 50.3:400 51.4:414 53.2:469 53.3:629 54.3:1027 55.5:1132 55.9:26667 57.6:27698 58.3:49335 
257 409 444 47 127 197 19 353 356 142 48 74 112 248 30 335 422 499 374 351 51 187 402 123 416 228 106 41 173 9 399 443 135 266 417 406 350 411 320 26 15 240 390 113 495 370 498 483 162 346 233 224 157 85 208 170 369 242 445 342 441 249 313 225 144 479 500 146 452 121 
minDistance: 58.3
cost: 60741
capacity: 51829
time: 49335
maxTime: 60000
LS1: 467336/486156
LS2: 4996/18820
LS3: 0/0
shakeIters: 13805
shakeLoops: 1378
