37.8:22 41.3:39 42:54 42.3:77 42.5:103 43.8:107 45.4:122 45.9:210 47:217 48.3:903 48.5:962 50.3:1619 51.4:1843 51.9:3072 52.7:3180 53.2:8593 54.6:23578 55.2:26095 
357 418 333 266 445 92 494 77 137 222 85 452 142 35 112 163 346 89 495 261 230 228 265 351 173 250 198 25 108 422 313 170 307 162 292 196 123 432 499 169 444 121 240 426 466 74 249 36 262 384 483 187 224 341 94 15 91 368 141 208 248 417 488 454 415 399 342 195 443 
minDistance: 55.2
cost: 61821
capacity: 51830
time: 26095
maxTime: 60000
LS1: 460414/478863
LS2: 4916/18449
LS3: 0/0
shakeIters: 13513
shakeLoops: 1348
