42.2:43 42.9:56 43.5:62 47.2:69 47.6:114 47.7:743 47.9:750 48.1:754 48.3:1136 51.1:1391 52:2774 52.7:2894 52.9:2993 53.4:3041 53.6:3383 55.1:5638 55.3:5647 55.5:5698 55.6:6456 55.9:32590 
399 307 475 266 368 391 445 383 370 146 490 426 114 384 452 42 346 270 450 404 155 277 386 144 82 441 35 374 222 392 361 246 459 362 44 242 25 15 120 241 139 224 60 495 123 410 19 483 105 248 84 162 476 209 456 341 92 71 134 150 472 197 137 253 415 57 494 24 406 30 430 
minDistance: 55.9
cost: 63317
capacity: 51883
time: 32590
maxTime: 60000
LS1: 456786/475117
LS2: 5074/18331
LS3: 0/0
shakeIters: 13237
shakeLoops: 1320
