20.1:55 23:85 23.2:434 23.3:518 23.7:525 23.8:547 24.2:575 25:833 25.6:943 26.1:1608 
379 105 142 173 453 84 122 364 69 92 227 493 405 446 458 223 290 367 242 172 270 462 259 340 28 42 341 113 37 490 82 149 66 424 499 135 413 9 342 75 29 128 225 67 283 222 117 288 201 214 492 159 157 271 45 460 353 386 193 444 417 243 307 459 369 419 345 3 452 263 123 287 267 407 55 371 482 165 420 315 81 244 422 316 163 390 21 256 463 239 445 456 232 245 432 485 140 467 373 375 125 120 1 209 131 177 302 404 431 399 476 
minDistance: 26.1
cost: 95255
capacity: 77653
time: 1608
maxTime: 60000
LS1: 287837/300127
LS2: 2875/12290
LS3: 0/0
shakeIters: 9403
shakeLoops: 938
