16.6:14 17.9:32 19.1:52 19.2:88 20.7:233 21.5:265 21.9:350 23:369 23.4:393 24.3:440 25.2:471 25.3:954 25.6:1066 25.7:1156 25.9:2513 26.1:2942 26.3:4807 27:5539 27.2:8363 27.4:42059 
265 214 243 467 366 422 242 400 390 97 125 180 210 110 149 378 84 212 480 394 329 140 256 281 163 263 27 81 315 111 94 9 328 11 26 168 398 155 486 284 357 388 113 225 268 290 466 162 255 395 123 80 101 120 374 332 318 397 293 453 429 220 23 457 482 316 200 42 361 245 312 406 28 100 88 173 105 356 75 186 412 342 364 277 462 484 382 128 87 98 493 333 103 387 380 426 194 203 419 221 106 177 68 235 116 307 66 112 
minDistance: 27.4
cost: 93640
capacity: 77646
time: 42059
maxTime: 60000
LS1: 314993/327398
LS2: 3359/12405
LS3: 0/0
shakeIters: 9023
shakeLoops: 898
