19.6:31 20.2:72 22.6:144 24.3:186 24.6:230 24.7:240 25.2:261 25.8:375 25.9:3682 26.2:3695 26.5:5053 
329 422 374 367 40 115 446 28 457 120 106 87 326 222 32 353 149 425 493 476 283 373 460 275 263 477 205 162 290 68 13 358 30 210 325 201 130 481 310 364 413 128 101 150 207 406 463 333 240 220 243 146 390 186 9 316 165 219 400 332 432 37 453 7 414 394 340 151 66 117 62 251 196 468 235 484 423 378 387 163 100 168 234 123 315 407 227 419 94 112 125 256 371 356 21 307 342 3 417 388 67 459 242 55 190 462 391 177 284 385 313 341 
minDistance: 26.5
cost: 95320
capacity: 77769
time: 5053
maxTime: 60000
LS1: 326330/339409
LS2: 3565/13079
LS3: 0/0
shakeIters: 9503
shakeLoops: 947
