19.2:32 20.2:60 21.7:142 22.6:160 23.3:202 23.8:442 24.3:571 24.7:799 25.3:809 25.9:814 26.7:2741 27:2899 27.1:4386 27.6:4997 27.8:5297 
203 84 140 374 407 105 243 329 225 335 332 476 112 341 106 162 125 120 145 467 117 315 397 459 446 134 432 69 378 482 123 371 101 94 232 307 316 212 453 481 244 245 344 342 270 390 242 388 360 37 9 177 43 463 81 256 149 394 387 107 400 429 251 367 290 493 66 364 180 327 227 293 345 163 165 424 168 222 457 419 1 21 100 233 379 194 373 173 485 124 255 88 28 259 468 83 462 214 312 442 129 113 284 425 128 
minDistance: 27.8
cost: 94878
capacity: 77684
time: 5297
maxTime: 60000
LS1: 305976/318965
LS2: 1858/12989
LS3: 0/0
shakeIters: 11114
shakeLoops: 1108
