15.5:16 17.9:43 18.9:60 19.1:69 19.5:82 19.6:103 19.7:186 20.2:195 22.6:222 23.5:271 23.8:389 24.2:397 24.3:473 24.6:1196 25:1492 25.2:1583 25.5:1876 26.3:7827 26.6:13179 26.7:22387 27:24794 
162 142 81 151 419 124 129 466 277 448 105 429 342 481 424 290 130 394 315 493 484 222 329 186 66 227 235 263 400 37 312 453 326 369 423 259 120 108 117 201 293 67 62 262 378 128 214 345 462 135 255 225 353 56 477 21 361 341 485 460 284 118 333 316 364 321 219 307 390 83 94 309 256 420 163 395 422 28 131 457 446 113 414 468 455 306 242 243 323 149 216 245 146 476 111 398 106 463 407 459 332 340 125 237 9 212 112 69 123 
minDistance: 27
cost: 95108
capacity: 77703
time: 24794
maxTime: 60000
LS1: 299857/313049
LS2: 3238/13192
LS3: 0/0
shakeIters: 9932
shakeLoops: 989
