18.6:34 19.1:57 19.3:63 23.3:103 23.4:108 24.3:118 24.4:722 24.7:741 25.1:749 25.2:964 25.5:1514 25.6:1885 26.1:3737 26.3:4040 26.4:4211 26.7:4650 27:7283 
201 481 468 151 315 390 129 81 111 321 340 341 163 84 106 462 487 128 312 232 69 293 21 123 186 388 316 203 313 323 37 260 225 135 212 165 493 55 329 268 400 267 245 466 162 394 419 369 357 194 105 125 284 494 243 35 120 332 112 196 149 463 92 177 256 387 401 399 146 222 117 457 242 113 364 455 130 485 342 333 66 374 214 219 210 100 484 356 150 361 425 307 398 453 440 296 476 290 378 68 88 459 477 155 134 255 52 
minDistance: 27
cost: 95239
capacity: 77641
time: 7283
maxTime: 60000
LS1: 315140/328409
LS2: 2849/13269
LS3: 0/0
shakeIters: 10401
shakeLoops: 1037
