17.6:45 22.3:78 22.6:91 23:148 24.3:478 24.6:1692 24.7:1704 24.8:2747 24.9:2852 25:3009 25.2:3075 25.5:6082 25.7:15324 25.9:20560 26.1:24335 26.2:37098 26.7:40582 
120 240 78 242 455 279 388 186 251 168 422 197 345 243 33 270 244 11 263 255 1 94 493 317 194 201 494 87 419 425 215 13 398 284 225 105 462 397 457 312 177 212 477 77 424 354 113 307 290 70 81 222 196 200 84 21 375 42 259 100 128 45 145 275 92 101 378 315 3 173 265 482 56 214 268 400 311 76 162 75 176 165 37 198 453 149 362 407 344 353 80 163 224 343 387 460 308 395 333 426 394 235 232 451 28 125 106 361 459 239 306 463 
minDistance: 26.7
cost: 95679
capacity: 77639
time: 40582
maxTime: 60000
LS1: 299116/311872
LS2: 3854/12756
LS3: 0/0
shakeIters: 8881
shakeLoops: 882
