19.1:29 19.2:35 19.6:56 19.9:101 21.8:127 23.8:164 24.2:183 24.3:281 24.9:754 25:761 25.1:1077 25.2:1102 25.3:2366 25.9:3006 26.4:6667 27:7361 
83 101 81 105 9 179 419 225 444 176 485 99 111 168 390 342 482 361 123 117 293 201 341 415 404 481 307 120 459 391 186 462 466 333 21 332 128 134 306 484 28 196 453 88 125 446 388 113 159 173 476 207 194 151 180 163 277 360 369 493 315 325 467 20 242 243 429 266 340 222 290 37 284 19 399 212 203 468 69 398 487 157 259 282 124 13 364 426 112 387 78 205 285 23 129 357 463 319 66 122 448 100 394 263 256 455 374 414 155 227 177 223 345 
minDistance: 27
cost: 93642
capacity: 77758
time: 7361
maxTime: 60000
LS1: 311133/323991
LS2: 3706/12858
LS3: 0/0
shakeIters: 9136
shakeLoops: 911
