16.3:37 16.4:50 17.9:74 18.6:92 19:113 19.9:133 21.5:277 21.8:550 23.1:567 23.3:652 23.5:658 24.2:722 24.3:770 24.6:776 25.2:828 25.9:1978 26.1:2052 26.2:2067 26.4:2321 27:3184 27.1:3774 27.6:15707 27.8:23704 28.6:51457 28.7:51595 
341 124 495 149 333 239 480 101 222 316 190 173 356 212 37 359 484 165 414 493 290 123 367 125 106 284 390 312 307 432 387 134 251 382 28 112 48 62 210 266 9 260 407 467 419 440 130 177 459 120 429 293 242 129 186 462 373 81 88 78 164 263 374 87 329 368 55 340 100 13 391 82 66 332 342 268 482 32 69 394 140 194 30 128 371 378 70 163 80 425 196 315 256 388 395 200 310 21 453 155 243 162 111 201 399 205 203 36 
minDistance: 28.7
cost: 94960
capacity: 77827
time: 51595
maxTime: 60000
LS1: 305241/318770
LS2: 3507/13529
LS3: 0/0
shakeIters: 9992
shakeLoops: 994
