19:38 19.2:53 23:131 24.3:218 25.1:237 25.3:378 25.5:524 25.8:545 26.1:556 26.7:951 27.6:1105 27.8:1204 28.3:8253 28.5:40030 28.6:40672 28.7:53900 
232 203 394 84 66 201 448 163 125 327 342 332 117 255 244 459 128 37 340 371 222 113 290 168 173 481 432 21 87 100 306 467 124 186 227 344 462 373 120 225 395 341 149 293 453 316 307 111 81 101 329 151 212 134 345 256 194 162 88 105 463 476 387 407 259 284 378 367 28 9 112 419 315 312 243 223 180 242 425 390 196 245 155 68 251 493 165 69 333 214 482 107 291 123 336 1 429 364 130 260 42 177 19 399 446 140 129 374 
minDistance: 28.7
cost: 94729
capacity: 77708
time: 53900
maxTime: 60000
LS1: 311135/324611
LS2: 2846/13476
LS3: 0/0
shakeIters: 10613
shakeLoops: 1058
