18.8:43 19.8:77 23.3:129 24.3:167 24.7:248 25.5:384 26.2:840 26.7:1314 27:3351 27.4:4356 27.6:4610 28.2:10299 
105 251 180 290 259 412 222 228 243 87 284 113 462 88 120 463 140 367 134 111 391 20 263 312 212 315 131 129 387 414 459 341 37 149 78 345 201 66 268 163 326 484 124 225 307 69 101 429 162 33 378 128 493 329 407 82 342 239 472 266 365 125 476 196 456 394 395 112 106 81 173 388 164 402 425 482 242 62 397 333 256 368 194 371 18 70 187 419 344 28 177 306 405 390 255 399 186 168 432 176 260 373 200 424 145 293 123 165 
minDistance: 28.2
cost: 94479
capacity: 77653
time: 10299
maxTime: 60000
LS1: 321374/334442
LS2: 2562/13068
LS3: 0/0
shakeIters: 10494
shakeLoops: 1046
