19.6:49 21.2:79 23.3:105 23.4:119 24.7:287 25.1:648 25.2:656 26.2:870 26.3:4657 26.5:4724 27:4820 27.2:4895 27.4:5711 27.6:6034 27.8:6493 
407 284 395 245 225 120 233 367 180 378 9 130 87 129 100 149 457 125 459 43 373 371 332 251 70 255 340 124 112 243 123 101 290 163 186 419 484 329 203 155 467 66 356 105 256 453 141 106 200 94 400 293 268 212 62 145 21 341 312 168 463 414 192 113 344 177 242 425 468 173 68 165 162 194 80 107 214 140 196 110 327 316 210 387 315 342 28 390 307 493 429 232 374 462 111 482 388 266 69 222 88 432 394 48 37 134 
minDistance: 27.8
cost: 95883
capacity: 77785
time: 6493
maxTime: 60000
LS1: 294064/307792
LS2: 3091/13728
LS3: 0/0
shakeIters: 10621
shakeLoops: 1059
