18.9:30 19.1:54 19.2:116 20:181 21.9:236 23:246 23.4:272 23.6:294 23.9:341 24.2:404 24.3:638 24.6:1239 25.1:1352 25.2:1427 26.1:1822 26.2:15031 
484 84 124 177 81 462 195 344 455 256 151 419 21 168 212 131 101 311 125 69 440 257 407 486 411 415 340 118 312 345 476 255 425 120 457 130 18 68 228 222 263 320 477 26 468 399 113 266 434 35 111 110 301 157 374 290 310 388 423 341 105 163 485 391 361 231 429 333 293 369 422 67 463 196 102 186 268 362 200 284 377 37 33 96 149 364 216 307 239 55 315 155 482 493 395 398 394 28 459 165 275 123 438 259 29 229 121 66 19 198 128 219 
minDistance: 26.2
cost: 95875
capacity: 77745
time: 15031
maxTime: 60000
LS1: 259439/274074
LS2: 7463/14635
LS3: 0/0
shakeIters: 7154
shakeLoops: 711
