1.48524:213 1.512:302 1.55063:432 1.62803:610 1.95554:980 2.03419:7353 2.04457:8440 2.06172:19090 2.08019:19212 2.08736:19329 2.1278:19510 2.14223:20214 2.14301:23625 2.14414:28967 2.14838:38351 2.17895:41914 2.18992:53385 2.20084:53831 
1074 51 1152 853 559 1479 1244 246 1645 1453 1303 431 1250 1545 759 15 1844 673 888 1243 1920 1163 241 1125 1340 1203 1268 1805 480 756 520 632 1794 897 1355 1251 659 1828 1087 1680 436 483 222 1503 1081 288 1763 214 131 1693 254 1726 667 1084 1771 1200 150 151 901 1191 841 1779 809 1095 1221 1256 1487 316 701 1075 1502 1889 1418 754 1865 592 710 1635 1961 319 94 584 835 1621 506 1526 1664 1145 179 1797 635 1495 1874 903 1496 355 1935 986 800 412 1233 100 1181 1731 210 303 379 266 1709 1384 1544 1633 1186 70 484 328 1139 1388 133 839 737 1350 1399 304 1033 1988 1697 1814 657 1413 293 1014 1218 808 666 1601 172 618 873 264 1991 647 669 1156 302 590 165 413 572 764 1296 1459 838 1280 247 1917 147 107 154 721 1594 640 1517 1273 1893 1998 619 1041 1904 31 59 1107 723 1529 1698 1481 1079 1653 991 844 1712 175 556 1006 1619 1047 136 1834 123 223 1189 1202 1866 496 1148 1788 410 114 1900 1053 1989 664 1028 1222 1254 814 742 933 1670 846 19 219 1114 1105 244 380 1730 1807 951 661 682 1562 1494 895 856 446 1438 658 120 604 1497 1846 1975 1306 720 1108 257 454 1667 1040 769 1126 1760 269 1606 188 1463 1461 126 1888 1618 791 176 46 880 1714 1996 1647 1579 1288 984 238 760 1283 1245 699 1508 1425 1978 467 1478 1050 1017 384 1937 1604 851 398 1798 1229 1971 813 1970 956 705 1024 783 1258 1465 1386 1745 1921 1160 1319 689 1090 259 1706 101 997 1086 602 432 205 768 1278 459 237 434 505 1031 1032 1130 565 1400 462 1556 385 575 655 17 579 745 1803 1092 1054 847 69 1120 82 1391 68 178 1684 155 1941 1640 1449 1964 318 360 1211 686 1987 1686 988 964 307 1522 1249 972 164 1151 757 1951 464 767 1955 1533 709 23 577 786 1853 194 1932 1751 563 1059 515 93 741 1 66 637 143 1527 1743 1926 1168 1623 1106 1616 1282 958 1910 787 1026 277 1441 285 1568 1220 946 1768 1361 348 827 530 38 168 1772 1236 1070 1823 1552 1540 167 1661 1073 965 522 1238 1447 1499 1142 251 1656 1023 199 470 1178 807 1849 1837 762 1199 1713 1313 908 821 1067 547 192 113 35 1049 1663 739 570 1003 1485 953 1851 1192 600 963 283 801 203 1799 641 1339 1696 1468 1240 9 732 1515 1959 195 95 833 1010 1952 1596 868 715 1480 233 448 261 12 898 1980 976 535 29 372 198 979 1504 1652 1253 161 212 488 340 272 390 778 643 1212 1190 704 1347 1232 860 401 220 404 1118 1424 585 1327 799 1464 896 1019 1644 377 322 206 1826 1432 1786 1790 1766 73 1572 1884 681 1409 1822 1598 1682 551 825 10 1102 173 1510 1984 1356 538 1831 1842 1300 3 218 1506 81 620 300 1369 1722 1462 748 1625 
minDistance: 2.20084
cost: 246786
capacity: 298736
time: 53831
maxTime: 60000
LS1: 6887/8203
LS2: 768/1316
LS3: 0/0
shakeIters: 530
shakeLoops: 50
