1.55063:242 1.88862:827 1.90225:1001 1.95554:1283 2.00508:2852 2.04457:4000 2.08019:4146 2.14223:6274 2.14301:9172 2.14414:11410 2.14838:11804 2.18992:24046 2.27129:25443 2.32242:27972 2.32532:30954 2.33972:33178 2.35033:34887 
673 1596 95 410 986 25 261 1017 1828 647 176 170 480 961 94 1751 1938 1186 1604 1602 1814 31 1240 396 1832 1432 1663 132 640 682 1300 1197 1606 70 136 800 1844 120 1533 689 1531 606 248 1480 1735 1978 1130 1355 304 316 1652 1492 782 1515 106 247 1975 745 233 1421 940 1438 3 786 587 807 1229 82 602 762 1087 115 1037 584 1680 901 1544 1041 1459 812 1154 997 1571 1220 198 38 1211 1200 710 206 604 1745 161 1142 272 1210 1464 964 66 835 113 953 590 59 1468 223 1540 705 1676 1213 721 194 488 989 1327 431 1106 522 958 1114 1625 1203 559 251 1409 873 1479 1461 632 1542 1900 861 1074 1373 1922 1730 565 337 1010 1120 945 643 853 1722 844 1618 1853 307 1977 1405 1273 566 1670 795 760 1506 1244 1280 1230 1107 1495 434 1961 1743 277 619 163 754 1885 384 1151 1799 757 199 1433 100 1831 1400 1594 338 577 1384 179 756 1419 1763 759 856 81 1472 1794 667 15 1257 1797 791 489 1253 1350 483 1040 503 1399 1053 1032 1706 1296 1971 744 1824 432 808 1243 1192 1834 1803 600 1633 1645 1375 1178 1551 1465 709 1258 1771 637 394 1411 715 1980 1959 572 478 1644 882 951 68 126 1823 1359 1317 46 1441 1937 188 1242 1790 866 1069 114 360 1189 1822 1805 1059 1275 390 168 192 1932 93 123 322 1865 259 182 1462 946 172 1191 1950 1921 486 895 1647 783 506 792 459 23 1313 1369 1726 1225 1603 1579 1379 219 470 399 847 699 1031 1033 508 1964 933 1152 266 748 35 1502 1659 212 963 1423 1028 1616 303 1045 976 1955 1050 1527 1014 334 1656 1951 657 397 1667 1463 1889 264 318 538 821 1849 1661 551 896 1212 846 1970 158 220 1917 1449 254 1118 868 1598 720 659 1238 787 1288 222 1306 210 151 1086 195 340 1199 380 1989 1653 1413 903 1352 1926 464 1952 1425 1545 379 1245 1232 635 39 1024 446 618 1163 1052 574 214 1295 1988 1105 1079 641 1731 1485 1361 1623 825 661 1356 1190 1453 1698 1996 1709 1499 288 328 1084 763 1140 1786 355 1103 579 1826 257 1619 1006 1081 143 556 664 585 1108 1935 1125 1381 1339 300 972 888 1340 1073 1494 764 175 778 1526 681 965 1222 1882 815 357 1697 1092 520 860 1478 732 1083 1075 1884 1788 107 1023 1160 391 319 1664 570 1251 984 1181 167 1047 1562 870 723 301 592 1888 596 1090 1556 1668 244 173 1043 530 818 1067 880 218 1842 1508 412 1910 1487 238 150 820 1386 1250 1126 686 897 377 246 413 164 51 662 17 1139 1517 165 14 865 133 908 138 513 1798 285 293 73 200 1003 620 1597 1829 500 1138 
minDistance: 2.35033
cost: 246779
capacity: 298739
time: 34887
maxTime: 60000
LS1: 6886/8115
LS2: 640/1229
LS3: 0/0
shakeIters: 572
shakeLoops: 53
