1.90225:453 1.95554:591 2.04457:6994 2.06172:9904 2.14223:13587 2.14301:15888 2.14838:26579 2.17895:26753 2.18992:37905 2.20084:44350 2.27129:45037 2.30121:45340 2.32242:45425 2.32532:49461 2.35033:50712 
1596 1954 1200 1544 562 1263 1519 873 1709 1938 637 1229 1517 520 1668 23 1788 246 1369 170 380 73 1900 1652 1662 1090 399 259 410 168 496 860 174 1087 759 1449 25 553 818 1278 1533 1400 107 307 1163 913 602 223 908 1151 100 1664 1726 1663 699 377 1731 1623 808 1350 592 1050 1327 1203 167 681 195 1916 673 853 1866 933 1656 1839 412 1091 1508 19 1502 1682 834 233 1888 1339 470 1086 1506 814 302 548 604 151 1621 596 1831 869 675 754 120 1961 1323 664 1917 1832 118 261 572 1047 619 1667 1181 1625 1126 229 1186 986 1653 1952 812 1496 483 1125 1853 194 288 1105 241 1920 689 82 778 1495 577 1031 846 1822 385 158 318 946 737 464 1083 1487 1988 15 340 1854 431 1193 1076 762 686 556 133 1288 1464 173 1922 1192 1480 478 1303 333 783 1255 283 809 1295 222 795 1657 46 1306 825 1244 1481 1515 1644 768 1160 68 1225 1300 255 1545 888 972 59 316 272 164 220 1183 1152 1294 1425 632 682 1118 1463 486 1659 970 643 1014 70 1479 1598 1492 1639 1970 821 720 1640 413 1157 1413 1645 901 1814 870 360 1199 1084 1453 38 51 1987 1484 1275 175 1670 66 1618 1438 1154 1003 143 865 1743 581 238 756 547 1626 1045 1360 3 455 1092 1033 182 212 897 1727 1751 886 1219 1697 172 1604 1106 1772 1028 895 1494 467 855 1070 861 136 1844 526 1935 1040 448 301 1017 300 958 489 667 219 1786 1975 1139 1828 807 559 1556 1971 372 964 1522 1461 748 1245 654 1211 710 384 1579 1175 618 847 488 191 1296 1958 1499 285 1884 1067 610 1059 1526 334 434 551 1955 590 1381 379 17 251 1280 1991 760 659 1949 1885 635 856 1361 813 451 1114 1805 1251 293 715 1142 1108 868 721 1978 801 1797 396 131 1799 192 31 1258 424 1100 1996 1222 709 1079 214 6 210 432 1661 1399 1590 757 1680 123 1190 641 459 1910 1043 786 304 303 1527 935 579 1745 161 254 1447 1384 1851 1462 165 1764 1409 705 1636 348 1849 976 1386 1714 322 1253 1980 328 1540 1041 436 1676 1575 515 506 1191 769 1026 880 93 871 1834 1217 1706 1485 732 27 598 1138 620 930 1932 1889 984 1232 1893 1842 662 1024 723 1977 584 248 657 585 264 247 338 764 1959 989 94 244 1478 1107 446 953 1073 312 704 988 896 787 613 1095 1465 1238 1317 1477 114 1619 218 1298 965 763 257 1212 199 113 1006 1010 1468 1178 1641 1273 176 1240 745 1921 266 1779 1926 1516 394 1032 570 401 626 565 115 1500 666 530 1355 1432 1103 1351 844 1722 1823 480 1140 1794 815 1865 265 1790 1408 1798 179 1460 1352 1803 198 1243 647 1698 1053 1594 1616 1469 1299 1948 1826 800 
minDistance: 2.35033
cost: 246790
capacity: 298737
time: 50712
maxTime: 60000
LS1: 7181/8499
LS2: 769/1318
LS3: 0/0
shakeIters: 534
shakeLoops: 50
