1.2599:113 1.55063:346 1.88862:744 1.95554:1021 1.97635:1384 2.03419:1725 2.04457:3180 2.06172:5291 2.1278:5433 2.14223:5567 2.14301:5653 2.14414:12615 2.14838:12702 2.16349:19428 2.18992:19725 2.22367:22502 2.27129:24392 2.32242:24636 2.32532:30104 2.35033:30480 
91 312 1656 193 1426 1212 1178 515 1296 689 1579 1621 1575 1725 489 810 1618 1597 964 244 1531 1139 25 851 132 480 1447 1126 396 212 1790 1794 1481 530 1736 745 1465 1107 1240 1517 1219 659 95 1623 1735 667 431 1996 410 976 348 269 119 486 686 760 640 1356 372 1540 1805 1138 1354 158 15 46 1154 1803 1731 1661 337 882 1211 1459 979 699 1478 1050 170 1743 261 266 683 1619 1492 123 1454 1384 264 422 1842 1190 635 1635 23 1033 896 1092 513 1229 870 824 787 133 1163 365 958 704 1438 206 710 1873 478 1487 27 1545 355 1419 173 1024 412 1037 946 1659 1988 1032 1955 1462 107 1401 1120 643 800 1014 418 1594 1797 577 1079 1280 1151 222 1633 1779 319 1706 675 1145 723 873 783 657 165 115 1278 522 377 1865 1961 1910 903 1106 1164 1294 551 219 1330 1186 272 12 1017 1503 1413 1952 1884 1463 1726 815 176 676 254 1499 1053 390 1798 1544 1556 467 1975 620 1327 590 1152 1213 525 664 604 666 1729 1844 446 1141 432 1075 1347 895 1496 433 1515 1288 120 1814 1423 127 647 1103 533 448 194 1591 380 1479 1502 1306 199 1086 1938 572 782 1087 220 818 70 1199 246 214 600 853 1616 757 210 673 1114 1667 1764 1197 1853 1010 1823 1339 150 1751 986 167 1826 1409 1834 288 1480 506 715 1670 233 538 709 1644 1468 1722 1951 933 114 1854 164 897 1047 1663 200 940 1786 151 1067 585 1596 592 17 1506 835 1449 737 1361 579 277 251 68 304 1045 1485 556 856 705 1991 1268 106 1453 340 459 100 1386 846 954 1687 147 1745 1527 302 1935 470 945 1562 1295 827 1625 1849 404 965 756 1690 310 360 841 198 1061 172 681 1253 1888 1244 488 1680 1273 136 865 997 1989 1300 953 14 35 778 821 1709 860 1350 1355 314 1040 1200 1408 38 1073 764 285 1959 769 1425 1917 138 1978 293 596 584 464 1031 93 483 1653 814 1181 1041 1542 1059 328 73 1108 94 1828 632 1125 823 1142 1664 303 1432 1822 1846 379 1495 1831 1698 847 1885 602 1232 1084 401 619 1926 31 786 19 1076 1191 1889 1399 1598 861 1105 316 1606 610 791 1645 641 1519 131 1225 1970 1980 1647 1160 844 748 318 218 808 682 1074 560 1604 807 113 1049 1003 1526 161 60 732 961 1922 1652 972 1461 1508 1522 1932 978 248 1381 795 434 570 201 833 1788 168 1081 283 1400 300 759 1006 1668 1256 1140 1824 637 384 1551 768 1971 82 565 598 223 195 86 880 259 1192 901 1829 1250 143 1251 1028 792 1243 1203 1090 3 59 720 192 1977 1258 1184 322 1716 1464 1676 51 1585 1118 721 1275 1494 1340 1352 1070 581 238 
minDistance: 2.35033
cost: 246747
capacity: 298764
time: 30480
maxTime: 60000
LS1: 7205/8378
LS2: 592/1173
LS3: 0/0
shakeIters: 561
shakeLoops: 52
