1.58264:285 1.95554:725 2.03419:6975 2.04457:13153 2.08019:16185 2.1278:16741 2.14223:17198 2.14301:18348 2.14414:23391 2.14838:24804 2.18992:27332 2.22367:27539 2.23581:27635 2.28537:31396 2.32242:31729 2.32532:31899 2.35033:39993 
1693 1604 748 1421 46 559 641 94 1384 1431 404 896 1339 1067 198 1203 1971 871 1369 1786 66 812 31 835 179 657 1790 1798 793 1325 1295 277 1151 431 1040 483 618 222 384 233 1803 1095 1413 1882 800 1465 115 1844 1696 873 1606 1888 548 1828 1017 1050 675 1686 1464 1644 264 1618 868 1722 168 1731 143 1601 1084 1545 1698 1240 1743 265 1533 1745 1751 1492 1090 1910 1433 316 1884 1032 522 486 38 457 288 247 219 1409 352 961 15 269 1515 1381 894 715 1814 470 161 1073 1842 662 1190 1105 792 1680 1517 673 1313 620 701 699 1211 1125 73 210 82 1531 1186 1621 795 688 1106 807 1026 174 856 1633 223 1625 596 1380 1010 749 1495 1697 847 1135 1258 372 913 1670 1086 666 1714 901 1768 1667 1449 167 1082 100 581 1917 1869 212 1245 1108 908 165 328 319 572 327 661 754 1463 1242 448 434 1163 824 602 1253 120 467 1797 1139 1047 1453 1119 933 870 1255 1989 1503 979 1554 1273 1799 763 506 777 188 513 1220 489 1974 255 1212 1103 220 1375 360 1229 1900 1191 1542 689 1526 1238 1579 1043 839 619 565 1200 888 895 1059 604 388 1087 821 25 1849 107 865 1107 1199 704 1120 976 1294 756 1251 745 1455 1687 570 664 744 1160 600 176 686 997 1959 1230 577 1709 1477 394 900 1980 1562 1178 637 387 838 1401 266 1668 214 710 1823 643 551 1788 1192 808 1663 1400 827 114 200 579 1664 1984 1829 1573 820 1479 762 306 882 1522 481 783 1024 1961 705 1386 1031 1540 782 1306 903 1987 1189 963 1275 1256 379 1408 1527 1702 659 1114 1494 1952 1822 129 592 1946 1028 1378 23 113 1478 723 175 257 1964 412 480 1853 1487 553 815 1932 1197 283 1438 95 172 759 1958 1502 841 1779 538 1948 855 1485 1653 1461 1419 1142 218 778 192 585 488 1885 206 647 1594 1726 1244 1399 1296 1802 757 1926 1130 244 1662 721 3 1499 526 956 1250 965 254 1506 1053 520 1300 1676 324 787 534 1373 989 1092 285 574 1943 1154 194 307 1921 1213 860 1988 1232 720 1037 682 348 1955 1268 322 464 1916 1462 304 1889 1824 1243 1278 584 436 259 1706 844 302 1183 1468 1126 136 1652 530 1656 1355 964 823 588 1081 1350 462 1805 93 846 1935 170 764 1222 1831 1596 1556 272 1181 1616 380 59 1938 1069 199 164 1623 39 1832 1970 953 1226 195 1975 398 1661 1977 340 105 946 1432 818 1014 238 556 958 1789 34 1140 709 432 1544 27 667 1865 1003 1361 1508 1210 410 1041 128 1619 9 986 1608 51 446 655 590 68 303 1118 880 1730 70 151 786 1645 732 813 760 133 632 261 1922 1280 173 17 1459 396 640 251 1219 1006 681 459 150 1996 1079 
minDistance: 2.35033
cost: 246771
capacity: 298736
time: 39993
maxTime: 60000
LS1: 7250/8495
LS2: 689/1245
LS3: 0/0
shakeIters: 539
shakeLoops: 51
