1.2599:115 1.82188:570 1.95554:791 2.00508:1646 2.03419:2030 2.04457:3332 2.05188:8650 2.14074:8846 2.14223:9471 2.14301:10842 2.14838:12422 2.16349:13870 2.18992:18620 2.22367:18721 2.27129:19070 2.32242:21490 2.32532:21576 2.35033:23758 2.41271:56459 
1455 1935 1921 478 70 1959 1926 1369 1798 1479 143 1670 134 1656 1497 1405 705 488 958 1433 316 919 807 446 1330 1598 590 1623 1645 764 720 853 704 786 1971 1017 743 792 505 1663 530 1492 1980 93 123 89 821 1139 655 737 1459 1463 1803 1797 410 1709 845 1974 1278 23 723 1515 1514 1005 200 219 1880 1788 565 303 846 600 742 1616 756 592 813 1594 1303 1111 355 745 377 432 1496 1562 901 1889 1639 632 1664 1118 66 309 1170 1385 302 86 1106 285 1477 1604 1092 710 1114 940 682 1340 51 610 199 304 1253 1461 1240 257 210 659 223 195 1125 778 1384 120 1712 244 1885 896 1138 945 1107 683 844 1256 459 851 709 1073 412 721 261 1667 1771 818 1200 251 15 596 1799 1680 783 757 496 1294 165 1676 1245 1668 1047 1154 1865 1413 1232 1211 1519 59 1726 265 860 699 814 1485 464 1888 1928 1423 1824 1495 95 1910 1160 1633 795 1698 1970 1108 1996 950 1468 1884 399 1743 1186 1805 1255 873 1545 1010 1989 254 1502 1275 1854 1084 979 689 1508 1975 379 1416 387 748 1853 1250 337 113 198 1381 1258 647 1032 1041 1006 394 865 1184 277 1140 657 307 951 824 483 1619 433 1438 1059 1339 1251 175 1464 1596 1151 35 170 94 151 812 1625 163 114 176 572 255 1050 620 604 640 835 489 1033 1300 1462 673 1249 1487 1849 328 486 1922 1103 188 1764 1517 1882 127 1192 1135 825 222 436 212 1130 503 763 556 800 903 1061 815 964 266 1424 1003 1961 288 1822 348 1181 1014 1786 1626 1426 193 372 422 976 396 808 1453 401 133 1386 581 584 869 1273 1432 1533 150 1542 1447 301 384 1296 1644 577 340 520 856 946 787 299 38 769 1053 17 570 675 136 1189 986 1191 246 1268 1213 1105 1682 895 1828 749 1842 861 3 1288 1197 1814 1081 1040 480 1544 218 247 192 68 715 961 434 997 984 431 1317 1408 1465 1978 264 1731 1831 681 1946 1120 1026 1075 25 1499 870 989 1527 1938 1263 820 1916 1399 1952 1087 31 1661 1823 131 1190 667 1556 173 1086 1600 1810 470 1503 1955 953 1500 1706 1203 1652 213 1306 547 352 880 972 191 1579 172 1243 1411 1141 1697 1964 73 1421 293 1095 1494 1163 619 322 585 1067 1350 206 168 238 661 1142 1481 1280 283 1449 1988 534 1478 551 553 635 579 760 360 194 1621 380 1212 14 272 1361 643 179 438 100 933 1049 1641 882 539 1722 1425 506 12 732 1152 823 1526 637 19 559 1199 82 161 467 956 1745 1984 164 754 1653 115 1090 1523 1028 1409 602 1522 1662 39 1229 1355 1126 1043 1238 1834 965 306 1714 1917 759 1024 1932 847 1659 1696 259 1751 46 1244 1844 107 1031 522 
minDistance: 2.41271
cost: 246783
capacity: 298765
time: 56459
maxTime: 60000
LS1: 7101/8396
LS2: 722/1295
LS3: 0/0
shakeIters: 554
shakeLoops: 52
