1.512:213 1.55063:300 1.90225:924 1.95554:1243 2.03419:1973 2.04457:2163 2.1278:2451 2.14074:3951 2.14223:6444 2.14301:9143 2.14838:22109 2.22367:23653 2.25393:24230 2.27251:24418 2.30121:27931 2.32242:29128 2.32532:49566 
897 846 1222 1515 1555 1545 1544 792 795 807 600 1306 664 251 1922 1680 123 1163 861 895 1184 113 1499 206 1419 754 283 1849 1508 1084 1041 1116 1652 1225 488 1023 432 1120 1495 374 151 860 434 1594 1069 815 1067 723 1659 873 869 1527 681 1697 1698 1464 1079 1350 212 1462 908 1832 170 1745 964 431 73 689 105 164 136 1743 1106 736 769 1974 1154 871 506 743 410 1092 1181 1074 218 1952 244 414 1805 1245 1114 810 686 1517 1423 974 1885 51 1355 744 1323 307 1047 503 1275 303 1037 496 1540 1667 1118 25 1714 1596 1251 304 1670 640 512 710 1253 1722 467 312 1663 1191 1991 1236 1988 23 30 808 812 1977 535 559 1932 768 1026 1200 277 984 269 1438 158 1031 192 161 114 577 1888 390 824 1621 699 1598 1258 903 120 1386 900 604 1399 737 522 1024 1240 1958 365 301 1764 762 953 1797 745 1003 377 643 720 1910 1639 264 1726 360 1400 1733 1192 348 1313 1831 530 214 60 454 1102 778 1834 1661 1917 1562 1710 625 1139 413 266 340 316 570 1294 1616 172 800 1463 683 1644 901 38 422 673 1151 1709 1053 1803 748 1828 464 590 1142 1043 1822 1103 337 168 888 1731 1073 1618 288 1519 1485 956 565 222 1556 1238 1032 749 387 1571 1964 126 379 621 1790 1199 210 1331 1975 394 1183 641 1996 357 946 1854 412 1453 1657 322 94 1889 1978 1668 176 961 945 709 255 704 1971 951 178 1273 657 134 480 1706 1105 1203 1619 1771 1160 1725 247 1523 632 1935 220 1890 233 667 1484 1492 1028 715 513 880 229 659 328 1921 1014 401 82 446 319 954 1824 150 1040 835 868 352 1107 1459 1959 1125 1502 556 572 1465 1961 1211 1190 188 436 167 384 1625 986 380 989 783 592 637 847 1006 844 757 1408 1243 1623 1186 1664 254 493 219 59 1461 839 1373 1413 165 1839 533 1090 1865 1384 976 1656 676 1788 31 100 1081 1884 1177 1810 1361 1799 199 1798 705 1647 93 813 198 853 818 1426 46 1218 1425 1479 759 1178 1955 1111 1378 133 257 1010 242 1409 538 1633 1842 756 1468 1531 1421 701 1250 1478 1987 95 721 195 489 896 1256 1280 1676 1083 585 666 66 764 647 823 1882 1278 300 1140 505 1984 1300 1033 1108 1381 786 1893 223 821 396 1503 1829 1157 438 1970 1814 1526 1951 682 596 584 478 1823 1086 12 1926 68 1604 6 1551 1352 972 933 1059 246 620 1579 1844 470 958 175 865 314 1432 459 978 1087 661 1288 1244 34 173 1017 1496 107 194 1197 825 1494 1454 1416 851 1938 1487 3 272 1130 732 1751 1481 1588 1653 1340 760 302 856 1050 1296 619 261 1152 131 580 238 1418 70 1339 635 787 979 1229 1232 17 334 1095 1980 15 618 
minDistance: 2.32532
cost: 246751
capacity: 298743
time: 49566
maxTime: 60000
LS1: 6990/8168
LS2: 600/1178
LS3: 0/0
shakeIters: 561
shakeLoops: 53
