1.512:228 1.55063:362 1.58264:626 1.62803:771 1.88862:1251 1.90225:1538 1.95554:1796 2.00508:5925 2.03419:8004 2.04457:11116 2.06172:12109 2.1278:14719 2.14074:14919 2.14223:16127 2.14301:18845 2.14414:31524 2.14838:34812 2.16349:35088 2.18992:36405 2.20084:36521 2.21463:36615 2.22367:36918 2.25393:43369 2.27129:43586 2.30121:47329 2.32242:50765 2.32532:50853 2.33972:58878 2.35033:58999 
1731 888 1546 1519 667 1210 871 1186 835 25 254 1697 1544 1010 1033 1961 385 1413 800 861 1889 1884 596 73 1087 1075 782 1522 815 1623 1706 379 620 158 709 470 200 1031 1203 681 1826 793 1598 1616 1192 520 1926 480 1449 506 1059 1554 1045 328 1958 1502 1070 705 17 687 760 46 1653 1794 559 743 1355 744 1959 1822 488 467 682 604 1831 940 194 841 768 1771 1670 1244 1726 699 759 1888 384 1515 1645 1125 95 115 1006 1492 1527 1183 170 414 1251 1079 769 131 283 1052 1245 459 246 1661 1386 896 635 107 486 1381 1041 413 1823 293 1047 1556 1975 732 394 1751 352 1970 1153 858 396 1114 38 161 412 754 1586 860 136 1805 1117 1438 1846 1508 1803 322 637 120 1360 965 812 1238 261 1253 1340 348 1941 272 1352 810 602 3 838 1663 1797 464 1373 1523 1142 1083 316 193 1154 234 1865 1086 1181 572 641 1971 1130 1712 223 1399 266 410 824 1306 1081 312 288 963 1053 70 715 613 1910 664 1893 1477 1024 673 503 880 1339 1952 1594 579 1163 574 813 1256 1275 1200 1955 575 1409 1988 1465 763 1429 1849 1652 1300 1295 1763 1139 93 1464 259 1620 1540 303 953 167 1108 1779 173 1468 1184 1453 657 979 1938 823 1551 1084 219 265 1935 6 198 1243 933 251 372 360 1550 123 176 1709 264 269 1278 1229 1596 1432 179 1996 1461 113 807 1485 1294 238 1656 214 1400 1644 958 1745 1891 1233 846 851 844 1120 655 873 1921 801 233 1641 1240 1487 1424 1191 133 1194 1799 675 1478 720 1107 1517 792 1964 1727 1391 1834 1829 377 745 1984 592 1222 1977 1160 1606 206 778 192 1667 165 31 565 1423 593 1542 1106 23 1211 15 945 1579 1479 1273 756 150 257 1361 1014 212 721 222 434 210 818 710 94 1747 333 1032 643 340 1199 659 839 808 380 357 1095 1786 1680 1714 610 686 1531 496 100 1743 218 1798 164 401 178 625 1463 689 1853 1662 1067 114 1526 438 1788 530 632 1932 1625 1411 787 1283 1073 856 89 1050 1028 1730 1854 1495 1494 742 986 304 1978 598 1702 1105 976 1384 299 1635 1327 1190 431 1828 318 1695 1824 978 1126 1076 1462 989 1250 1904 1140 1090 1280 1447 1664 168 1980 1722 538 577 1459 1639 1987 847 853 1972 247 1703 188 82 882 1842 1350 1268 478 1604 618 984 1698 337 1619 903 1288 51 1040 584 1017 1043 1814 446 972 704 1003 319 255 1499 762 285 1118 1296 1317 1225 1917 481 220 302 1733 783 901 1092 1151 748 757 1618 244 1145 489 59 723 1951 35 619 908 1844 172 14 964 1178 647 1135 151 1212 590 954 307 946 821 175 1177 68 1358 
minDistance: 2.35033
cost: 246745
capacity: 298734
time: 58999
maxTime: 60000
LS1: 6574/7823
LS2: 677/1249
LS3: 0/0
shakeIters: 543
shakeLoops: 50
