1.6:8 3.3:32 3.4:66 3.9:324 5.4:457 5.5:1221 5.6:1797 5.7:4618 6.5:4783 6.7:10770 6.9:12795 7.3:17683 
476 268 212 280 463 464 104 304 262 52 462 28 79 168 203 125 324 228 394 242 78 184 338 287 44 31 56 436 446 112 412 207 23 288 63 120 457 264 141 251 472 335 313 441 434 219 451 437 418 362 74 387 383 319 58 106 239 210 235 221 363 13 146 426 465 439 433 355 416 119 102 398 475 348 326 118 113 365 402 377 66 482 149 417 88 25 409 254 29 169 342 285 155 131 229 411 182 152 116 314 144 123 311 350 158 47 162 367 35 161 126 238 142 217 440 232 101 198 249 273 323 109 57 364 107 466 6 327 193 256 34 270 230 128 130 430 487 
minDistance: 7.3
cost: 64122
capacity: 76525
time: 17683
maxTime: 60000
LS1: 70452/84649
LS2: 4323/14197
LS3: 0/0
shakeIters: 9858
shakeLoops: 982
