2.5:6 3.3:23 3.4:43 4.6:135 5.4:144 5.5:1927 5.6:13915 5.7:14680 6.1:18379 6.2:18531 6.5:19196 
362 166 205 182 412 207 56 434 287 262 149 235 249 142 22 102 174 230 335 212 217 327 288 457 221 251 402 269 242 475 222 314 35 304 198 16 451 29 126 383 371 426 39 31 324 364 266 13 495 99 299 71 350 107 440 417 326 112 123 433 472 6 125 169 155 367 152 104 465 416 146 141 101 34 229 168 258 47 436 311 239 270 466 109 441 473 250 130 184 268 232 468 57 106 381 321 313 113 294 333 23 405 459 319 377 88 487 264 394 25 28 398 74 463 437 430 435 348 105 308 446 409 342 119 246 285 44 66 42 338 78 365 52 116 355 
minDistance: 6.5
cost: 64129
capacity: 76532
time: 19196
maxTime: 60000
LS1: 70937/85371
LS2: 4541/14434
LS3: 0/0
shakeIters: 9879
shakeLoops: 984
