2.5:6 4:65 4.6:259 4.8:272 5.4:350 5.5:1338 5.6:1425 5.7:1620 6.1:1715 6.4:1802 6.5:1939 6.9:5903 7:6819 7.3:7438 
270 221 367 23 128 242 104 109 451 482 412 123 203 34 342 266 125 230 409 106 465 74 387 398 207 97 304 52 417 210 113 142 384 13 96 57 288 365 246 441 20 146 100 394 327 338 6 335 381 280 472 268 50 313 88 374 311 439 232 257 475 105 348 364 287 205 362 470 39 323 363 249 47 262 185 141 155 440 149 418 193 31 326 258 120 294 28 463 446 35 426 78 222 239 152 355 102 273 314 283 158 131 457 436 130 437 401 66 321 235 44 182 264 402 116 324 419 247 383 101 112 251 161 285 183 168 487 238 319 169 184 416 434 212 25 350 119 107 29 
minDistance: 7.3
cost: 64128
capacity: 76552
time: 7438
maxTime: 60000
LS1: 74952/89017
LS2: 4189/14065
LS3: 0/0
shakeIters: 9860
shakeLoops: 981
