1.5:5 1.6:21 3.3:48 3.4:100 4:175 4.6:184 5.4:194 5.5:232 5.7:246 6.1:635 6.2:1011 6.4:1086 6.5:1635 6.7:3265 6.9:5045 7:12905 7.3:14253 
313 433 254 29 182 285 144 193 28 258 272 107 131 141 249 47 419 367 338 130 152 44 119 383 324 487 31 239 128 230 120 273 104 350 446 242 112 113 146 436 342 210 348 304 20 116 34 470 125 457 217 409 110 326 299 268 74 384 323 212 6 155 355 418 482 412 63 416 79 287 262 168 232 475 437 198 360 426 463 394 465 381 235 149 335 35 169 106 441 221 88 66 280 23 39 417 451 142 440 466 238 387 102 364 184 207 25 270 101 398 321 327 362 377 78 264 319 434 288 52 50 57 314 311 472 123 251 13 283 185 374 
minDistance: 7.3
cost: 64128
capacity: 76525
time: 14253
maxTime: 60000
LS1: 75329/89749
LS2: 3883/14420
LS3: 0/0
shakeIters: 10518
shakeLoops: 1049
