4:8 4.6:185 5.4:442 5.5:489 5.6:2407 5.7:2668 6.5:3144 6.7:11720 6.9:12360 7:12444 7.3:12864 
487 360 146 210 107 313 119 285 294 319 463 327 437 270 52 264 198 426 365 125 184 291 144 126 446 29 74 59 20 355 364 398 182 158 441 299 152 149 468 249 28 123 389 387 272 326 155 251 47 130 232 169 434 268 283 324 193 433 338 31 419 436 475 287 25 6 482 174 78 139 235 350 142 472 412 302 362 242 217 57 348 288 381 273 34 66 280 337 128 335 116 258 311 88 451 35 367 275 314 342 102 377 61 221 262 141 230 168 465 112 476 401 239 411 416 87 101 23 207 113 110 106 466 212 417 42 383 254 13 120 104 44 409 39 457 229 321 418 205 
minDistance: 7.3
cost: 64011
capacity: 76530
time: 12864
maxTime: 60000
LS1: 83223/97636
LS2: 4931/14413
LS3: 0/0
shakeIters: 9468
shakeLoops: 943
