3.3:10 4:75 4.6:113 4.8:140 5.4:158 5.5:378 5.6:1679 5.7:1932 6.4:2235 6.5:2581 6.9:8692 7:10545 7.3:11601 
113 221 268 451 123 88 149 182 116 228 152 417 487 437 324 472 87 327 6 107 74 242 262 239 350 119 446 39 319 335 102 120 285 168 348 365 101 232 139 20 426 433 125 465 31 144 304 374 383 419 364 162 198 224 463 434 418 169 29 28 184 50 416 142 302 212 258 78 23 311 313 281 440 42 44 338 411 362 79 128 299 35 141 273 257 48 387 57 321 193 288 13 355 457 326 360 217 47 342 25 210 109 466 238 337 59 254 439 264 283 441 104 475 251 409 470 462 412 398 230 270 52 207 34 436 66 16 155 367 287 106 146 58 130 235 
minDistance: 7.3
cost: 64123
capacity: 76540
time: 11601
maxTime: 60000
LS1: 81062/95492
LS2: 4526/14430
LS3: 0/0
shakeIters: 9888
shakeLoops: 986
