1.6:5 3.4:22 4.6:34 5.4:255 5.5:781 5.6:16780 5.7:18829 6.2:20214 6.4:21287 6.5:21602 
104 74 123 475 250 394 268 142 207 350 217 35 107 39 144 113 193 61 152 324 232 125 442 468 212 230 106 44 287 162 285 79 288 141 362 465 273 256 237 457 116 367 69 20 28 473 185 246 251 462 319 446 426 478 355 221 383 56 338 184 463 57 416 97 128 239 182 405 166 436 222 87 364 23 470 6 101 118 384 311 342 226 169 52 348 313 102 31 280 283 25 34 119 109 437 451 335 219 402 120 434 412 155 299 146 326 235 270 487 472 264 198 13 50 262 482 365 440 47 314 441 291 228 398 331 249 149 66 174 327 183 409 242 417 29 158 78 
minDistance: 6.5
cost: 64129
capacity: 76520
time: 21602
maxTime: 60000
LS1: 72601/87098
LS2: 4750/14497
LS3: 0/0
shakeIters: 9734
shakeLoops: 970
