1.6:10 1.9:27 2.8:36 3.3:41 3.4:107 4:178 4.6:192 4.8:251 5.4:527 5.6:1427 5.7:1432 6.2:1624 6.4:1951 6.5:2691 6.7:4513 6.9:4665 7.1:10671 7.3:13311 
251 338 417 451 185 416 457 146 47 116 35 450 228 401 350 169 266 125 109 364 207 348 39 273 313 436 409 106 23 102 311 107 268 242 482 434 198 314 126 459 230 254 58 326 462 418 78 31 238 426 264 44 430 465 28 119 377 101 221 120 219 387 229 112 34 476 235 131 161 327 367 155 381 304 285 104 79 123 360 52 239 466 441 433 29 25 262 299 472 335 383 342 88 287 144 412 57 193 288 118 217 128 232 168 152 435 440 113 389 74 487 142 419 184 249 105 182 355 475 394 141 258 446 398 463 324 210 149 66 478 302 212 6 270 437 13 411 362 319 
minDistance: 7.3
cost: 64030
capacity: 76529
time: 13311
maxTime: 60000
LS1: 72358/86916
LS2: 4787/14558
LS3: 0/0
shakeIters: 9751
shakeLoops: 971
