1.5:5 1.6:11 2.5:21 3.3:53 3.4:123 4:335 4.6:376 5.4:393 5.5:688 5.6:823 5.7:901 6.1:1511 6.2:1534 6.4:2355 6.5:3736 
270 451 473 299 268 219 335 169 442 155 338 430 39 246 149 249 416 280 328 22 324 314 58 34 152 441 25 495 436 182 109 52 184 16 256 130 57 242 107 459 434 106 113 118 446 313 472 101 78 198 222 217 13 232 355 29 475 342 262 74 398 207 333 457 348 146 440 183 419 221 412 158 23 31 229 166 120 99 364 465 266 426 193 61 126 405 102 141 214 250 251 463 288 383 450 185 230 402 394 381 417 350 104 123 287 6 239 327 326 28 319 119 125 100 142 476 487 35 311 144 486 362 264 174 70 237 409 66 285 116 367 212 44 462 437 365 47 323 128 235 
minDistance: 6.5
cost: 64116
capacity: 76520
time: 3736
maxTime: 60000
LS1: 68618/82385
LS2: 3978/13767
LS3: 0/0
shakeIters: 9772
shakeLoops: 975
