2.5:7 2.8:119 4:143 4.6:187 4.8:298 5.4:404 5.5:685 5.6:17216 6.2:19128 6.4:19265 6.5:19474 6.7:32260 6.9:36029 
116 365 258 251 463 113 141 183 58 426 323 169 405 42 52 149 472 475 144 238 13 355 28 34 23 78 367 470 398 266 383 87 311 25 418 109 342 66 152 302 162 401 435 50 338 362 417 222 288 104 128 112 212 198 125 270 321 500 299 207 146 416 250 350 185 57 184 477 168 262 451 205 161 387 106 314 182 74 249 131 246 285 31 232 324 239 29 155 273 402 101 374 412 6 482 119 487 441 433 102 264 348 364 313 268 437 409 142 193 47 88 123 280 221 457 394 465 436 327 335 235 326 242 434 419 44 35 430 97 99 120 446 440 48 287 39 107 
minDistance: 6.9
cost: 64127
capacity: 76529
time: 36029
maxTime: 60000
LS1: 71665/86484
LS2: 5117/14819
LS3: 0/0
shakeIters: 9685
shakeLoops: 963
