1.6:5 2.5:25 3.3:100 3.4:189 4:222 4.6:277 4.8:346 5.4:362 5.5:630 5.6:2021 6.5:2106 6.7:15362 6.9:15566 7.3:18171 
20 439 161 342 162 418 367 102 146 262 470 466 34 402 50 149 451 142 205 475 106 249 335 116 44 57 441 323 207 97 462 321 465 28 169 383 285 318 182 25 348 74 412 141 283 101 455 78 472 238 416 131 113 288 119 66 273 230 355 482 275 222 29 272 198 294 158 184 319 221 6 123 264 58 87 52 409 404 436 437 326 398 212 235 168 23 56 440 362 338 268 270 457 324 88 327 434 152 251 258 35 299 232 417 210 364 217 242 128 13 107 42 39 374 463 155 311 104 31 313 120 287 433 394 185 446 47 487 314 100 125 193 112 350 239 426 387 304 
minDistance: 7.3
cost: 64108
capacity: 76521
time: 18171
maxTime: 60000
LS1: 73299/87543
LS2: 4306/14244
LS3: 0/0
shakeIters: 9920
shakeLoops: 988
