3.4:17 4:126 4.6:136 5.4:205 5.5:3263 5.6:3899 6.1:4174 6.2:4357 6.4:5488 6.5:5635 
107 228 362 364 238 251 426 114 327 436 123 23 166 242 342 256 212 338 250 367 466 283 120 20 285 31 291 268 451 365 29 239 313 207 398 482 217 169 116 416 57 198 221 52 439 319 323 22 355 235 222 47 472 149 113 419 470 412 335 440 104 119 162 270 314 405 311 141 318 50 446 417 409 193 433 161 42 106 13 495 487 462 377 473 434 476 468 182 6 184 383 388 102 441 48 105 394 101 160 142 88 34 168 39 437 457 262 128 287 299 350 125 155 402 109 152 25 333 264 146 266 465 324 35 280 249 44 463 321 28 288 230 172 458 232 74 348 326 185 66 
minDistance: 6.5
cost: 64127
capacity: 76542
time: 5635
maxTime: 60000
LS1: 69250/83141
LS2: 4108/13891
LS3: 0/0
shakeIters: 9769
shakeLoops: 973
