1.6:6 3.3:39 3.4:53 4.6:63 5.4:946 5.5:3833 5.6:4037 5.7:4314 6.1:7724 6.5:7982 6.7:9498 6.9:33622 7.3:35473 
238 146 229 101 23 299 212 291 126 221 314 29 450 88 184 394 324 28 350 39 367 16 273 426 210 404 264 270 169 451 319 402 52 141 6 222 457 262 123 113 79 412 398 446 256 342 364 463 434 440 78 207 285 142 47 128 235 303 475 239 66 106 419 100 116 343 257 185 335 287 155 228 107 120 162 436 437 355 321 338 104 430 57 182 280 242 249 313 401 365 418 327 383 74 25 112 387 288 58 44 409 34 318 13 251 48 348 311 193 131 377 466 268 230 168 109 416 441 472 96 465 31 477 217 149 275 161 326 152 102 119 362 35 125 105 417 232 
minDistance: 7.3
cost: 64128
capacity: 76587
time: 35473
maxTime: 60000
LS1: 68629/82408
LS2: 4184/13779
LS3: 0/0
shakeIters: 9580
shakeLoops: 955
