1.9:5 2.5:11 3.3:28 4:40 4.6:97 4.8:290 5.4:334 5.5:739 5.6:1085 6.1:1104 6.2:1369 6.4:1492 6.5:1515 6.7:9293 7:19584 7.3:19810 
451 434 39 440 182 430 44 273 57 198 426 242 258 463 66 416 314 239 78 350 105 475 146 59 476 362 34 152 116 466 280 28 155 104 387 342 377 162 409 437 139 288 222 457 113 232 446 109 257 229 101 319 304 262 13 35 230 268 6 398 47 203 88 348 31 25 126 205 355 487 142 219 472 367 107 235 23 327 128 149 275 251 412 285 335 402 217 79 52 131 417 141 144 364 184 29 161 106 311 120 326 270 383 168 441 337 207 365 210 238 287 123 48 264 169 323 465 411 224 74 16 418 119 313 112 193 363 338 125 212 433 324 102 221 436 
minDistance: 7.3
cost: 64109
capacity: 76525
time: 19810
maxTime: 60000
LS1: 77441/91135
LS2: 3673/13694
LS3: 0/0
shakeIters: 10003
shakeLoops: 995
