2.8:10 3.3:19 4:27 5.4:60 5.5:2644 6.1:4128 6.2:4157 6.4:7496 6.5:10319 6.7:24969 7.3:31787 
42 257 112 304 224 402 437 482 123 144 44 235 182 371 146 28 367 355 168 56 326 74 228 338 313 29 78 458 275 426 141 383 405 57 104 232 251 288 25 270 242 221 434 109 229 155 412 314 335 451 222 321 472 116 441 210 487 23 342 324 152 131 285 387 52 466 35 31 107 364 489 119 268 262 457 433 311 184 287 58 463 365 362 79 102 6 440 348 39 350 106 207 238 273 280 256 394 212 416 126 113 34 125 239 128 101 193 323 169 13 417 66 462 198 418 465 47 398 409 446 377 149 436 475 142 363 327 381 430 217 88 264 
minDistance: 7.3
cost: 64126
capacity: 76524
time: 31787
maxTime: 60000
LS1: 68314/82710
LS2: 4220/14396
LS3: 0/0
shakeIters: 10162
shakeLoops: 1012
