4.3:20 5:60 5.3:99 5.4:151 5.6:166 5.9:355 6.5:373 6.7:547 7.5:693 8.1:738 8.3:757 8.6:1495 8.9:4848 9:4861 
375 335 489 400 395 418 232 151 315 241 225 249 319 220 217 454 329 247 74 157 23 297 405 202 463 346 197 332 53 357 191 367 480 300 284 145 344 155 44 209 483 185 118 254 90 281 111 298 234 385 295 491 265 438 105 211 256 192 110 56 183 147 457 396 381 334 303 184 82 352 170 45 476 402 384 221 66 62 28 266 214 432 149 452 444 152 433 410 97 347 253 195 492 58 143 493 233 474 416 495 131 403 117 467 222 391 310 382 227 175 178 223 398 422 219 288 27 198 472 311 12 48 345 328 63 
minDistance: 9
cost: 61200
capacity: 78420
time: 4861
maxTime: 60000
LS1: 76172/91851
LS2: 5691/15679
LS3: 0/0
shakeIters: 9971
shakeLoops: 994
