4.7:16 5:35 5.3:57 5.6:102 5.7:121 5.9:204 7.5:342 7.8:1835 8.6:2030 8.9:2236 9:2736 9.1:15775 9.2:18063 
433 359 56 332 105 297 143 357 395 444 152 223 432 288 198 23 71 345 454 462 417 113 472 410 170 82 281 295 90 416 195 400 483 28 149 474 232 31 234 214 382 97 118 493 495 402 227 487 175 263 197 217 233 384 53 74 265 66 12 328 140 151 491 284 145 45 276 222 311 347 211 220 298 391 315 329 155 320 191 253 184 185 245 381 174 385 209 153 439 378 44 230 183 241 24 249 352 178 303 111 457 451 467 403 256 396 310 48 6 202 418 144 146 58 407 285 480 367 405 266 463 353 221 422 27 438 293 188 
minDistance: 9.2
cost: 61240
capacity: 78371
time: 18063
maxTime: 60000
LS1: 88926/105956
LS2: 7980/17030
LS3: 0/0
shakeIters: 9035
shakeLoops: 900
