4.7:15 5.3:39 5.6:192 5.7:197 5.9:206 6.7:308 7.5:850 7.8:901 8.1:911 8.3:990 8.6:1391 9:1402 
105 329 231 61 58 379 378 115 288 252 198 281 170 483 220 493 253 467 401 56 66 348 463 298 174 391 110 437 457 400 228 82 151 118 211 247 438 266 422 217 233 384 332 432 195 175 410 295 452 405 232 454 117 227 345 357 183 221 459 418 222 480 395 27 62 155 372 320 385 185 178 303 285 292 59 382 476 197 249 328 143 472 287 315 461 381 63 352 48 68 234 416 403 23 495 417 192 347 214 396 367 310 28 492 209 90 188 256 12 71 83 474 53 470 402 74 491 44 45 113 333 202 433 284 145 219 335 14 444 152 97 359 184 265 
minDistance: 9
cost: 61170
capacity: 78391
time: 1402
maxTime: 60000
LS1: 75755/92319
LS2: 7698/16564
LS3: 0/0
shakeIters: 8854
shakeLoops: 882
