2.9:7 4.3:65 4.7:91 5:104 5.3:161 6.3:194 6.5:204 6.9:449 7.5:454 7.8:4406 8.6:4935 9:5103 
183 303 480 145 285 335 170 328 329 178 151 198 433 217 231 195 357 247 472 233 437 258 344 265 391 474 403 214 372 418 402 298 320 152 367 347 222 410 292 463 310 315 58 144 345 444 197 111 110 422 82 188 117 131 155 476 400 220 147 332 378 492 202 385 256 27 457 461 288 384 28 48 338 295 483 184 245 234 396 97 74 45 495 63 56 297 352 273 253 241 405 118 12 192 260 143 23 381 493 438 83 66 31 489 334 105 382 308 342 467 209 163 266 44 459 259 491 90 284 223 232 53 454 395 416 281 300 211 301 388 432 
minDistance: 9
cost: 61202
capacity: 78367
time: 5103
maxTime: 60000
LS1: 72715/89155
LS2: 7173/16440
LS3: 0/0
shakeIters: 9253
shakeLoops: 921
