5.3:22 7.5:43 7.8:81 8.4:209 9:1169 9.1:21609 9.2:53159 
480 315 432 183 332 56 285 463 223 378 44 295 170 418 45 220 417 483 492 438 105 71 233 276 58 12 382 265 27 396 491 495 422 66 109 489 83 493 395 297 175 23 184 345 467 191 211 198 298 471 214 217 229 151 110 335 433 153 384 320 410 444 347 228 11 234 232 385 334 416 487 145 53 155 146 439 263 59 252 163 281 402 437 178 152 247 452 28 209 381 329 90 403 253 405 474 328 219 118 62 188 352 195 222 74 185 111 266 391 454 284 367 288 197 256 202 97 310 457 245 357 303 344 400 48 143 472 82 476 
minDistance: 9.2
cost: 61250
capacity: 78372
time: 53159
maxTime: 60000
LS1: 88762/105360
LS2: 7321/16598
LS3: 0/0
shakeIters: 9269
shakeLoops: 924
