5:12 5.7:29 7.1:60 7.5:78 7.8:310 8.3:853 8.6:877 8.9:1072 9:1603 
281 285 474 472 451 471 344 402 58 170 27 288 483 417 256 265 276 240 298 454 381 45 155 495 396 71 467 266 163 185 287 284 295 118 152 178 329 191 403 384 476 197 48 233 480 231 332 62 438 198 385 492 493 452 345 382 23 391 432 328 211 220 175 310 105 162 410 202 333 153 174 463 457 143 113 303 223 400 214 491 470 147 444 422 97 252 335 146 183 74 359 12 145 401 253 192 52 395 184 367 110 222 259 398 347 372 90 405 195 247 416 82 56 487 263 209 315 357 234 53 69 217 83 418 117 151 378 44 320 352 232 28 
minDistance: 9
cost: 61179
capacity: 78383
time: 1603
maxTime: 60000
LS1: 75792/92306
LS2: 7349/16514
LS3: 0/0
shakeIters: 9154
shakeLoops: 914
