2.9:6 5:45 5.3:51 5.9:60 6.5:174 6.7:274 7.2:658 7.5:1086 7.8:1741 8.4:1771 8.6:6415 8.9:7992 9:8394 
492 418 495 372 105 178 328 295 143 463 334 344 147 293 457 222 53 97 196 82 146 300 357 474 192 45 252 28 310 163 263 401 378 195 152 461 377 432 303 382 433 217 483 23 62 198 90 467 493 476 340 325 352 214 345 298 367 266 234 83 110 183 74 320 185 153 329 205 281 155 27 118 489 236 422 245 405 48 151 472 437 175 184 491 402 332 416 265 12 256 170 223 209 400 253 410 197 44 315 56 232 284 335 439 228 391 288 396 59 487 188 285 438 444 381 213 297 403 384 211 417 385 145 233 247 
minDistance: 9
cost: 61224
capacity: 78386
time: 8394
maxTime: 60000
LS1: 81924/97188
LS2: 5329/15264
LS3: 0/0
shakeIters: 9922
shakeLoops: 988
