2.9:7 5.3:62 5.4:129 5.7:152 6.5:173 7.1:196 7.2:203 7.3:253 7.5:372 7.8:1924 8.3:2256 8.4:2879 8.6:9751 9:9899 
151 115 288 357 56 438 211 395 191 223 117 265 252 44 6 97 347 197 53 45 300 192 170 375 344 402 491 284 105 372 184 281 245 58 418 345 74 231 249 381 220 433 202 396 352 483 293 195 259 90 328 332 185 301 405 422 140 400 285 122 495 28 66 230 217 221 227 63 92 128 155 463 48 12 474 157 253 254 457 83 403 410 266 334 416 329 222 367 480 454 467 493 492 476 232 152 391 143 209 385 198 188 233 175 111 432 315 178 118 145 353 256 27 382 110 82 62 234 472 258 295 444 310 298 
minDistance: 9
cost: 61198
capacity: 78373
time: 9899
maxTime: 60000
LS1: 71980/87630
LS2: 5377/15650
LS3: 0/0
shakeIters: 10258
shakeLoops: 1021
