2.2:6 4.7:16 5.3:27 5.9:90 7.5:119 7.8:213 8.1:325 8.6:473 9:1016 
170 459 432 228 90 417 152 183 198 492 178 62 252 382 472 418 295 444 325 151 281 155 433 400 247 452 396 23 192 222 145 201 402 227 249 56 211 381 495 288 146 253 197 332 357 284 59 221 276 233 209 474 83 27 334 320 44 213 48 463 487 217 214 147 105 300 345 335 372 188 196 285 319 422 457 45 340 438 153 220 174 467 184 367 352 416 12 405 97 82 191 385 493 118 74 245 437 315 384 310 143 378 236 298 439 403 329 476 410 265 391 53 297 234 328 175 491 240 483 232 185 347 401 256 28 303 266 
minDistance: 9
cost: 61251
capacity: 78471
time: 1016
maxTime: 60000
LS1: 81681/97907
LS2: 6751/16226
LS3: 0/0
shakeIters: 9466
shakeLoops: 944
