2.9:6 4.3:27 5:45 5.9:63 6.3:460 6.7:475 7.1:484 7.5:515 7.6:9110 7.8:9221 8.6:11071 8.9:11315 9:11389 
483 416 472 111 153 82 252 110 400 454 228 382 90 184 315 463 53 332 347 198 367 293 234 492 281 66 265 285 395 474 59 128 247 178 403 152 381 175 185 195 118 220 209 467 320 340 422 56 191 396 146 407 345 439 284 231 71 183 391 222 143 457 495 432 197 45 372 452 476 417 192 418 357 402 303 335 405 151 253 62 491 493 471 58 334 410 44 378 256 352 12 298 155 145 163 211 310 27 258 385 174 438 295 202 245 480 147 28 74 288 105 170 48 273 217 297 433 188 462 97 328 329 233 83 23 
minDistance: 9
cost: 61252
capacity: 78448
time: 11389
maxTime: 60000
LS1: 74820/90357
LS2: 5353/15537
LS3: 0/0
shakeIters: 10170
shakeLoops: 1013
