36.4:19 38.1:58 39.7:75 41:88 41.1:107 42.2:122 42.9:130 45.3:156 45.9:163 46.1:217 46.9:1227 49.4:1295 49.5:44378 49.7:55854 
304 151 450 24 129 11 439 437 400 420 74 200 140 154 153 118 77 69 143 78 388 374 6 375 269 148 410 444 408 221 226 38 412 470 146 495 37 476 313 155 415 92 317 60 435 430 283 433 18 75 262 277 123 278 413 432 284 209 267 222 253 48 136 281 493 436 336 385 345 307 325 175 353 99 121 
minDistance: 49.7
cost: 58823
capacity: 52277
time: 55854
maxTime: 60000
LS1: 459544/476747
LS2: 4863/17203
LS3: 0/0
shakeIters: 12326
shakeLoops: 1230
