34:15 36.6:30 38.3:48 38.5:56 39.9:66 40:70 44.3:91 46.5:103 46.7:406 47.9:478 49.1:573 49.8:1168 50.2:1271 50.9:1916 51.2:49175 51.3:49363 51.7:51903 52.2:56908 52.7:59120 
264 151 210 358 86 386 478 456 431 334 254 432 258 184 469 145 50 37 195 410 322 232 120 71 148 464 156 283 68 375 165 161 209 163 377 135 466 315 243 429 182 42 188 409 307 324 439 214 462 113 475 387 101 6 136 262 336 444 54 24 216 97 285 177 415 385 295 41 345 126 78 222 82 340 329 
minDistance: 52.7
cost: 62701
capacity: 52254
time: 59120
maxTime: 60000
LS1: 431000/448950
LS2: 6893/17950
LS3: 0/0
shakeIters: 11038
shakeLoops: 1101
