39.5:26 41.1:39 42.6:52 45.1:102 45.2:119 45.4:182 46.1:202 47.5:209 48.7:259 50.6:334 51.1:339 51.3:441 51.7:679 51.8:4376 51.9:40129 53.8:40229 54.7:40635 54.8:41415 
40 453 270 252 311 148 123 354 50 134 492 3 265 97 405 142 4 407 410 377 167 234 213 214 313 154 7 328 110 215 339 300 353 429 449 476 251 161 54 317 310 160 129 477 45 68 180 172 352 412 64 278 140 457 100 281 460 276 408 72 340 470 481 149 493 91 329 220 498 439 2 125 364 18 141 
minDistance: 54.8
cost: 61591
capacity: 52269
time: 41415
maxTime: 60000
LS1: 480201/497705
LS2: 4157/17504
LS3: 0/0
shakeIters: 13329
shakeLoops: 1328
