40.4:24 44.5:46 45.1:85 47.5:91 48.6:109 48.7:122 50.8:1513 51:2928 51.2:7161 51.3:19830 51.5:20100 52.6:22427 52.7:23455 54.2:36091 54.5:36480 54.7:54878 55:59734 
459 452 198 52 269 154 418 91 377 407 231 265 412 232 375 236 328 364 191 152 215 385 386 45 297 329 405 493 2 413 340 178 423 100 188 295 180 383 322 421 318 95 284 97 134 225 149 28 311 123 460 241 467 300 475 270 126 429 64 136 352 476 213 84 317 432 422 77 391 129 439 206 221 474 
minDistance: 55
cost: 57703
capacity: 52436
time: 59734
maxTime: 60000
LS1: 455945/474282
LS2: 6608/18337
LS3: 0/0
shakeIters: 11712
shakeLoops: 1168
