32.5:17 34.3:27 34.4:36 40.4:59 40.7:113 41.4:123 43.7:179 44.3:208 46.4:312 46.6:628 47.2:660 47.3:1062 47.7:1218 47.9:1267 49.4:1371 49.5:2982 51.2:3390 51.9:5583 52.1:5988 53.2:6000 54.4:9541 
444 368 334 325 375 156 145 151 100 42 410 306 24 36 135 126 322 457 9 464 195 45 161 54 493 275 140 348 91 377 340 232 476 482 307 304 387 429 123 283 68 50 328 118 470 463 41 345 301 79 432 172 215 439 211 101 52 177 4 317 478 201 214 104 188 466 254 10 134 129 148 113 285 386 
minDistance: 54.4
cost: 63482
capacity: 52254
time: 9541
maxTime: 60000
LS1: 459141/476402
LS2: 5208/17261
LS3: 0/0
shakeIters: 12032
shakeLoops: 1199
