34.4:22 35.9:66 41.8:87 44.4:92 45.1:108 45.4:222 45.7:289 46:338 46.8:443 47.2:470 47.5:738 48.1:1301 48.7:1475 49:2109 49.4:2193 49.7:2267 50.6:2407 50.9:2456 51.2:17686 
286 488 155 26 364 225 429 126 498 396 65 353 210 408 460 340 468 148 180 265 31 213 432 33 413 289 492 205 133 421 439 154 206 241 456 158 449 175 269 323 69 386 470 410 197 182 134 63 84 114 199 110 149 104 78 2 132 215 407 129 152 64 141 145 440 120 99 307 476 50 236 482 481 283 246 
minDistance: 51.2
cost: 62404
capacity: 52356
time: 17686
maxTime: 60000
LS1: 439932/458749
LS2: 8045/18817
LS3: 0/0
shakeIters: 10748
shakeLoops: 1070
