32:10 34.2:30 35.7:39 41.3:73 42.8:84 43.9:95 45:116 50.4:205 52:212 52.5:219 53:263 53.5:1392 53.8:1527 54.2:2325 56:38539 56.1:39358 56.4:39905 56.5:42427 57.1:42539 57.2:42701 57.3:44073 
335 159 197 140 300 464 156 120 435 14 491 371 240 418 136 375 214 182 190 427 442 224 166 55 323 49 408 67 186 410 274 82 287 420 292 33 291 320 425 284 133 239 337 69 443 316 436 137 290 225 471 123 242 279 494 154 174 200 79 228 269 23 94 8 251 476 276 361 38 262 498 155 428 77 
minDistance: 57.3
cost: 61905
capacity: 51135
time: 44073
maxTime: 60000
LS1: 458667/476761
LS2: 5001/18094
LS3: 0/0
shakeIters: 13072
shakeLoops: 1304
