37.4:30 37.7:53 39.7:70 40.7:75 46.4:131 53.8:148 55.2:160 55.4:282 56:33022 56.1:37506 
476 242 67 42 379 322 441 452 214 35 291 173 491 386 164 446 494 320 77 436 369 256 363 443 247 262 226 69 46 38 223 159 79 264 24 70 431 260 127 80 156 402 239 48 190 464 37 316 300 113 27 349 135 123 478 237 8 258 175 251 353 186 287 85 131 442 133 289 137 484 351 366 400 155 
minDistance: 56.1
cost: 63650
capacity: 51016
time: 37506
maxTime: 60000
LS1: 443115/461402
LS2: 6483/18287
LS3: 0/0
shakeIters: 11794
shakeLoops: 1177
