33.4:17 37.4:31 39.9:60 42.9:71 43:89 45.1:174 45.8:207 47.5:216 49:226 49.4:467 51.3:1403 51.6:1654 51.7:3241 52.1:4096 53.2:4967 53.5:8252 53.8:47042 53.9:47491 
44 251 313 105 479 320 441 249 353 45 200 354 46 386 84 156 279 264 237 258 149 446 27 23 47 242 470 267 187 289 413 396 85 71 158 186 399 230 304 169 345 236 168 66 443 159 207 484 70 247 142 431 214 234 190 104 300 14 363 150 269 20 456 127 455 244 181 288 349 191 145 270 
minDistance: 53.9
cost: 62542
capacity: 51035
time: 47491
maxTime: 60000
LS1: 465413/483946
LS2: 5269/18533
LS3: 0/0
shakeIters: 13245
shakeLoops: 1321
