40.7:30 43.9:42 44.8:51 45.3:102 45.5:164 46.3:168 46.9:304 47.2:312 48.7:323 49:327 50.9:338 51.3:361 52.5:548 53:598 54.2:644 55:3295 56.6:3576 57.1:12536 
174 190 225 464 82 272 67 79 33 171 136 297 445 23 269 156 228 38 287 91 300 157 383 256 55 200 137 240 12 255 335 140 420 413 78 127 242 154 181 458 408 94 320 499 494 77 166 182 361 491 375 410 428 279 292 197 437 186 371 158 337 447 188 8 25 133 
minDistance: 57.1
cost: 63475
capacity: 51142
time: 12536
maxTime: 60000
LS1: 458429/476318
LS2: 2173/17889
LS3: 0/0
shakeIters: 15697
shakeLoops: 1567
