42:29 42.8:76 43.1:88 48.6:109 49:113 50.1:128 50.5:137 52.2:325 54.2:971 54.3:2026 55:3318 55.5:4146 
200 267 228 48 458 374 476 237 224 288 258 361 232 426 55 190 136 140 23 335 396 477 401 447 351 45 386 77 174 294 37 278 383 420 159 300 345 169 328 240 287 337 82 149 414 256 442 385 251 79 127 320 443 242 485 62 215 197 168 214 67 66 413 212 133 191 8 33 304 
minDistance: 55.5
cost: 63462
capacity: 51030
time: 4146
maxTime: 60000
LS1: 463353/481807
LS2: 4071/18454
LS3: 0/0
shakeIters: 14370
shakeLoops: 1435
