37.4:24 37.6:29 38.1:35 45.4:63 45.9:69 47.5:110 49:169 50.6:198 51.4:206 51.7:310 52.1:572 52.5:630 53.6:665 54.3:969 55.5:1173 56:1230 56.2:1473 57.1:2942 
413 202 476 200 375 260 127 464 230 287 94 258 374 67 494 237 320 448 428 186 443 8 442 20 55 69 80 251 274 275 300 426 169 269 242 396 371 79 46 214 336 421 133 14 272 190 288 23 420 105 471 228 361 173 156 37 279 168 322 113 174 425 342 296 335 363 408 222 136 
minDistance: 57.1
cost: 63084
capacity: 51001
time: 2942
maxTime: 60000
LS1: 467488/486810
LS2: 5531/19322
LS3: 0/0
shakeIters: 13772
shakeLoops: 1372
