38.1:31 38.9:70 40.6:129 46.9:133 47.2:148 47.5:199 48.1:479 48.5:575 48.6:618 49:728 51.4:1406 51.8:1464 51.9:3172 52.9:3177 55.2:7398 55.3:7716 55.5:7970 
414 256 240 186 288 140 272 250 197 237 37 31 136 366 278 133 324 159 300 66 64 33 486 170 269 127 258 214 10 447 442 55 396 59 174 228 52 337 45 476 208 168 275 328 188 477 242 361 464 80 236 287 267 364 67 23 320 426 413 79 386 181 325 169 230 420 353 257 54 190 289 
minDistance: 55.5
cost: 63397
capacity: 51030
time: 7970
maxTime: 60000
LS1: 466167/484910
LS2: 4882/18743
LS3: 0/0
shakeIters: 13843
shakeLoops: 1381
