34.9:16 36:27 36.5:42 38.6:53 39.9:59 40:81 40.4:150 44.4:206 44.8:362 45.3:718 50.6:735 51.1:946 51.3:1010 52.5:1106 54.1:2373 54.2:2670 54.3:4263 55:4475 55.5:4906 57.3:12674 
292 270 267 240 419 69 188 186 37 304 134 157 450 38 337 468 54 52 466 168 133 364 47 236 228 275 400 320 154 230 335 14 206 181 447 112 197 467 140 10 442 225 80 200 159 33 428 258 239 23 272 8 127 486 2 253 361 312 343 336 295 269 67 94 476 100 106 156 82 214 174 471 
minDistance: 57.3
cost: 61586
capacity: 51023
time: 12674
maxTime: 60000
LS1: 467148/486220
LS2: 6404/19072
LS3: 0/0
shakeIters: 12648
shakeLoops: 1259
