40:23 40.6:27 42:36 43.1:54 43.4:63 43.9:71 46.5:80 47.2:92 48.1:95 48.6:151 50.2:253 50.4:323 55:332 55.5:340 56.8:1029 57.1:1827 57.2:21291 
256 186 260 296 159 464 242 258 20 288 46 173 320 174 237 133 200 23 156 304 106 7 335 67 361 8 451 269 236 364 414 10 79 113 94 105 476 230 188 69 228 426 413 420 37 353 468 295 169 168 55 363 80 127 375 218 275 272 471 396 421 190 336 214 342 448 374 136 442 494 428 
minDistance: 57.2
cost: 61763
capacity: 51013
time: 21291
maxTime: 60000
LS1: 464943/483744
LS2: 5848/18801
LS3: 0/0
shakeIters: 12935
shakeLoops: 1290
