31.8:11 37.4:24 37.6:34 38.1:64 40.6:129 44.8:139 45.1:143 48.9:152 49:197 50.4:209 50.6:421 50.9:471 52.1:487 52.5:534 53:780 53.8:1127 55.2:43751 55.4:59433 
42 113 425 237 146 408 190 37 426 219 127 375 69 262 242 269 379 200 8 160 128 186 428 494 288 55 234 10 447 491 137 481 20 358 221 287 156 188 67 79 363 159 136 464 374 322 361 173 46 258 353 94 335 420 320 71 105 279 300 275 14 410 476 342 214 413 228 421 
minDistance: 55.4
cost: 62391
capacity: 51118
time: 59433
maxTime: 60000
LS1: 456355/474028
LS2: 3120/17673
LS3: 0/0
shakeIters: 14533
shakeLoops: 1449
