28.1:15 36.3:43 38.7:61 42.1:68 42.7:115 44.5:228 44.9:462 46.5:742 47.5:893 47.9:914 53.6:1372 54.7:1380 55:2275 55.8:26401 56.1:34118 56.5:55665 56.6:55709 56.9:56965 
231 180 155 251 407 363 254 47 36 78 11 447 216 21 25 426 270 338 264 19 217 379 470 192 64 139 61 45 262 174 48 93 177 321 417 307 42 425 285 403 40 482 232 250 381 60 378 101 419 441 159 342 258 135 94 302 312 79 370 29 50 373 416 498 196 289 263 98 248 221 54 13 
minDistance: 56.9
cost: 63794
capacity: 51040
time: 56965
maxTime: 60000
LS1: 459813/478426
LS2: 4315/18613
LS3: 0/0
shakeIters: 14280
shakeLoops: 1426
