37.6:31 38.2:35 38.4:42 38.9:104 40.3:120 40.7:126 44.2:216 44.4:350 45.2:393 47.4:396 47.5:890 47.7:1003 48.2:2772 48.6:3128 49.2:3219 50.1:3475 50.5:9198 51.1:10464 51.5:10689 
51 38 451 470 378 268 248 47 6 335 490 415 264 50 356 155 497 299 326 21 11 285 45 40 412 441 289 215 305 307 230 423 76 311 192 373 394 321 437 281 463 233 110 426 10 71 407 88 482 262 371 81 263 297 116 312 107 48 216 184 432 302 64 366 270 111 308 188 254 221 174 381 
minDistance: 51.5
cost: 62409
capacity: 51069
time: 10689
maxTime: 60000
LS1: 451887/469929
LS2: 4826/18042
LS3: 0/0
shakeIters: 13197
shakeLoops: 1314
