34.2:30 37.4:51 38.7:73 39.7:90 41:248 41.2:316 41.4:322 42.9:378 44.3:384 47.2:402 48.2:546 48.4:568 48.6:792 49.7:1278 50:1778 50.1:22555 
190 233 266 297 282 341 173 216 447 57 101 103 394 112 71 356 174 192 445 212 268 451 102 221 441 228 264 299 307 188 263 384 48 160 207 331 21 25 38 379 260 33 140 350 110 369 333 6 463 286 137 407 425 406 320 270 500 440 62 248 311 262 116 437 423 302 88 79 343 51 415 298 
minDistance: 50.1
cost: 63731
capacity: 51032
time: 22555
maxTime: 60000
LS1: 446522/466202
LS2: 7110/19680
LS3: 0/0
shakeIters: 12553
shakeLoops: 1251
