28.7:18 37.8:46 38.2:51 39.9:73 40.3:153 41.7:164 42.7:222 43.4:262 44.8:273 45.9:850 46.1:2381 47.1:2513 47.8:2744 50.2:2843 50.5:2982 51.5:3466 51.6:3755 51.9:58339 53:59105 54.4:59340 
390 297 332 13 323 431 343 341 496 354 463 76 35 400 81 258 363 121 54 51 447 78 470 311 29 307 301 184 99 416 40 50 344 174 164 335 263 378 16 302 217 441 412 47 210 79 483 9 33 21 379 38 265 286 273 437 116 489 127 287 403 233 36 182 55 324 417 63 440 264 11 199 
minDistance: 54.4
cost: 63772
capacity: 51014
time: 59340
maxTime: 60000
LS1: 442705/462505
LS2: 7639/19800
LS3: 0/0
shakeIters: 12140
shakeLoops: 1211
