31.7:30 33.9:41 34.6:48 37.4:56 39.7:116 40.6:162 42.1:172 42.5:183 43.5:235 44.4:244 45.1:910 45.3:1271 45.7:1284 47.7:1438 48.2:1462 50.2:1549 50.4:1557 52.2:1562 52.5:2503 52.8:55938 
333 421 324 335 90 423 207 378 364 57 298 287 488 225 307 478 5 84 245 483 356 26 297 223 233 277 489 441 51 329 323 212 41 75 76 362 390 88 302 380 253 382 319 370 126 290 416 447 308 293 437 463 238 102 210 392 272 79 19 327 344 38 379 321 141 15 110 54 472 116 36 190 458 413 
minDistance: 52.8
cost: 63925
capacity: 51031
time: 55938
maxTime: 60000
LS1: 425611/444002
LS2: 6196/18391
LS3: 0/0
shakeIters: 12175
shakeLoops: 1213
