38.4:30 38.7:84 41.9:113 42.5:166 44.3:238 45.6:276 46.1:341 46.6:344 46.8:383 48.4:404 49.7:411 49.9:507 50.5:513 50.7:1221 51.8:1279 52.2:5315 
237 192 344 71 300 21 441 312 341 437 59 384 287 425 286 78 451 416 447 127 369 110 443 81 212 370 209 412 323 16 297 452 289 457 79 19 221 333 311 225 167 233 229 202 207 56 273 264 343 279 146 307 290 38 366 153 230 302 308 335 403 63 378 373 327 75 454 363 28 
minDistance: 52.2
cost: 64011
capacity: 51015
time: 5315
maxTime: 60000
LS1: 462031/480120
LS2: 3060/18089
LS3: 0/0
shakeIters: 15013
shakeLoops: 1497
