29:15 39:35 40.3:41 42.9:50 44:54 44.4:172 44.9:192 45:340 46:417 46.1:425 46.5:490 47.9:591 48.2:1612 49:5850 49.9:13457 50.1:15091 51.7:15279 52.5:16294 52.7:26664 53:33515 53.8:34371 
26 324 265 76 262 238 169 116 478 254 223 102 413 253 368 125 307 163 54 447 323 297 426 5 321 38 36 73 241 16 341 258 103 403 19 423 45 463 225 363 106 178 441 64 37 337 233 273 412 470 21 164 362 177 51 336 290 329 47 90 13 382 387 302 239 327 150 101 335 277 79 143 344 416 139 
minDistance: 53.8
cost: 63873
capacity: 51070
time: 34371
maxTime: 60000
LS1: 434244/452970
LS2: 6608/18726
LS3: 0/0
shakeIters: 12097
shakeLoops: 1207
