34.2:20 34.5:30 41.6:55 42.7:195 44.4:326 44.9:390 45.3:696 45.6:722 48.6:727 49:929 50.5:1029 51.5:5411 51.7:6414 51.8:22029 51.9:22166 52.1:22596 53.1:22685 53.3:22942 54.6:31050 
470 28 387 287 164 425 50 89 290 38 311 297 116 416 319 56 150 362 239 302 384 225 378 29 344 314 363 343 16 79 54 161 20 277 81 321 231 441 467 403 332 371 324 265 258 412 262 437 21 272 255 78 19 73 409 327 364 11 131 51 13 323 293 123 65 336 432 308 390 5 202 393 463 
minDistance: 54.6
cost: 63216
capacity: 51098
time: 31050
maxTime: 60000
LS1: 444925/463778
LS2: 6192/18853
LS3: 0/0
shakeIters: 12640
shakeLoops: 1261
