6.5:24 6.6:186 6.7:348 6.8:1057 6.9:6376 
436 450 60 406 58 244 381 134 217 328 96 278 65 321 252 85 191 284 208 150 388 274 66 143 147 407 31 483 318 308 292 198 223 457 467 138 382 4 337 276 64 72 427 314 142 295 73 366 307 259 361 21 248 162 400 491 452 373 10 325 130 269 44 232 115 372 107 139 228 53 174 202 112 316 298 117 293 256 103 395 426 458 133 75 460 408 158 111 309 251 338 435 128 101 106 428 291 146 48 1 100 424 391 7 484 301 429 74 262 360 493 172 57 224 209 275 341 137 181 255 257 416 233 173 401 468 110 206 186 152 136 389 123 349 354 
minDistance: 6.9
cost: 65056
capacity: 78292
time: 6376
maxTime: 60000
LS1: 68590/81796
LS2: 5754/13206
LS3: 0/0
shakeIters: 7435
shakeLoops: 738
