6.2:19 6.4:165 6.5:197 6.6:282 6.7:601 6.8:1107 6.9:33164 
328 232 400 158 72 134 233 257 31 397 85 51 341 57 107 291 366 130 172 307 66 338 259 255 44 228 200 360 395 378 321 181 314 309 115 292 101 106 289 457 401 252 436 308 269 9 491 372 325 121 20 483 202 7 429 54 274 295 435 467 406 337 388 209 138 244 146 298 426 65 256 416 293 152 381 191 162 206 454 4 275 217 117 267 248 21 128 361 284 74 198 398 75 391 424 452 133 150 278 450 147 53 10 316 143 110 373 1 276 96 73 407 136 301 111 137 363 428 310 142 173 60 427 408 249 64 468 223 103 382 58 460 
minDistance: 6.9
cost: 65076
capacity: 78277
time: 33164
maxTime: 60000
LS1: 77000/89864
LS2: 5411/12864
LS3: 0/0
shakeIters: 7438
shakeLoops: 740
