6.2:9 6.5:16 6.6:1825 6.7:1865 6.8:2324 6.9:2507 
449 44 360 1 146 276 307 53 316 267 321 363 298 133 31 142 309 308 291 85 60 382 136 158 354 256 223 123 100 51 344 400 269 467 395 274 96 373 407 284 389 192 428 293 338 388 20 101 163 255 150 397 460 426 314 444 217 139 117 198 416 128 4 295 244 301 341 172 26 74 58 275 57 372 491 278 75 72 7 401 202 292 435 325 249 103 391 328 429 436 468 106 483 64 130 206 427 191 232 10 66 349 174 378 424 366 209 21 248 65 406 252 73 476 408 138 162 450 173 233 259 361 381 181 54 115 107 110 337 137 147 228 257 457 452 
minDistance: 6.9
cost: 65079
capacity: 78271
time: 2507
maxTime: 60000
LS1: 65229/78403
LS2: 5846/13174
LS3: 0/0
shakeIters: 7315
shakeLoops: 728
