6.2:13 6.5:32 6.6:164 6.7:964 6.8:1745 6.9:4550 7:20541 
349 142 7 450 276 341 181 100 34 307 107 244 314 491 256 406 416 158 224 163 174 435 54 354 493 57 363 130 191 206 372 117 115 316 373 308 255 428 484 284 232 138 467 162 73 208 360 337 63 397 457 60 366 436 233 458 65 295 298 259 338 426 388 468 407 202 74 408 325 269 424 497 209 96 292 85 275 389 252 172 75 31 66 136 20 278 429 58 321 173 133 13 106 248 452 101 401 21 4 296 381 123 328 26 257 483 217 137 274 228 449 361 309 147 327 460 223 64 1 427 110 72 10 44 146 395 382 301 400 53 41 391 378 291 152 
minDistance: 7
cost: 65080
capacity: 78274
time: 20541
maxTime: 60000
LS1: 68331/81561
LS2: 5976/13230
LS3: 0/0
shakeIters: 7239
shakeLoops: 720
