6.4:12 6.5:24 6.8:74 6.9:2269 
106 467 483 172 491 309 107 428 349 269 426 4 291 400 115 72 363 262 391 66 101 53 9 328 20 388 366 228 181 292 406 58 310 295 202 128 173 65 146 416 209 10 436 233 284 382 252 360 401 142 338 44 298 13 143 7 130 484 244 275 223 446 138 1 249 60 133 137 289 321 144 73 381 41 75 293 257 259 256 158 435 307 314 395 124 450 100 424 152 57 460 21 407 341 174 51 64 301 389 427 74 493 267 316 325 162 361 111 372 408 31 337 411 147 110 438 397 248 85 497 457 54 96 217 206 191 136 278 308 274 255 232 429 117 373 
minDistance: 6.9
cost: 65069
capacity: 78283
time: 2269
maxTime: 60000
LS1: 71322/83867
LS2: 5501/12545
LS3: 0/0
shakeIters: 7036
shakeLoops: 701
