5.6:8 6.2:46 6.4:54 6.5:87 6.6:330 6.7:385 6.8:754 6.9:5549 
172 309 31 400 137 72 26 115 257 60 21 146 381 296 133 96 255 202 327 467 66 244 444 341 147 10 163 314 298 295 220 269 232 460 75 150 106 74 436 483 173 428 249 354 248 206 223 382 411 310 438 337 373 450 484 260 252 284 73 53 139 181 308 134 363 174 275 7 142 449 162 112 493 361 44 217 107 307 426 378 209 388 491 406 338 235 57 117 64 65 389 158 334 292 395 191 233 274 435 20 301 101 458 316 416 457 85 278 321 259 228 349 1 455 256 401 325 224 328 123 138 391 136 366 429 110 427 476 407 408 360 372 100 
minDistance: 6.9
cost: 65082
capacity: 78302
time: 5549
maxTime: 60000
LS1: 69905/82582
LS2: 5253/12677
LS3: 0/0
shakeIters: 7409
shakeLoops: 736
