6.2:12 6.5:20 6.7:111 6.8:1252 6.9:3265 7:34525 
381 172 53 110 191 66 361 372 163 309 60 275 301 378 457 278 1 435 292 209 393 58 136 65 483 133 401 389 337 232 72 295 274 426 152 7 427 468 259 162 75 117 316 360 217 452 31 20 147 428 26 106 284 235 458 96 142 276 289 429 388 373 493 244 223 366 100 44 101 257 228 391 408 57 103 206 4 497 202 424 63 269 146 484 41 150 107 395 138 460 64 436 85 112 115 10 467 354 450 491 321 407 181 256 349 400 137 363 252 143 328 73 74 314 310 338 255 307 9 21 308 51 248 382 327 406 298 173 158 325 416 233 341 174 
minDistance: 7
cost: 65084
capacity: 78269
time: 34525
maxTime: 60000
LS1: 68413/81772
LS2: 6051/13359
LS3: 0/0
shakeIters: 7292
shakeLoops: 725
