6.2:26 6.4:44 6.5:55 6.6:145 6.7:276 6.8:682 
454 115 398 162 21 96 150 101 233 314 173 406 262 429 133 220 481 206 274 60 421 316 181 163 172 301 460 298 338 450 458 341 395 142 388 251 23 366 198 119 75 397 321 493 308 401 260 98 337 361 344 257 134 72 7 228 200 130 31 436 59 292 309 217 147 137 191 252 438 435 249 151 382 391 363 78 427 265 121 408 136 360 64 146 256 294 138 117 483 491 457 372 291 89 85 158 255 106 244 20 66 74 288 232 276 128 25 73 467 170 110 53 325 428 400 57 349 416 373 259 426 209 497 202 10 444 295 9 241 223 248 111 468 145 307 381 
minDistance: 6.8
cost: 65086.2
capacity: 78272
time: 682
maxTime: 60000
LS1: 75786/90087
LS2: 6971/14301
LS3: 0/0
shakeIters: 7321
shakeLoops: 730
