6.4:30 6.5:163 6.6:184 6.7:285 6.8:859 6.9:3992 
452 1 206 450 66 328 106 363 289 458 298 467 73 271 284 44 400 389 444 137 248 134 274 228 426 133 307 110 58 249 101 72 316 139 259 142 136 354 65 150 291 327 382 436 146 60 443 325 407 85 128 100 31 408 57 75 244 397 276 115 416 308 435 74 54 173 202 255 359 360 13 497 256 278 7 163 107 321 232 493 361 191 429 51 427 378 21 388 337 366 381 395 257 349 314 181 143 251 117 338 174 295 252 391 4 428 147 138 158 260 372 64 235 123 309 223 217 26 406 301 10 373 483 233 96 460 269 209 457 491 20 53 292 172 
minDistance: 6.9
cost: 65086
capacity: 78311
time: 3992
maxTime: 60000
LS1: 63679/76058
LS2: 5491/12379
LS3: 0/0
shakeIters: 6877
shakeLoops: 685
