6.2:9 6.5:34 6.6:72 6.7:254 6.8:786 6.9:4416 
1 389 66 400 223 309 391 378 72 75 289 318 274 491 490 483 181 96 408 406 257 278 174 110 292 429 31 325 361 41 101 136 65 85 457 107 467 307 460 4 100 275 452 233 314 375 424 138 63 372 248 106 328 252 373 112 10 360 381 284 295 337 7 349 57 450 388 458 115 354 137 51 366 143 60 74 142 217 173 338 428 134 13 327 316 298 435 296 244 206 228 363 26 21 301 436 130 158 259 117 426 139 397 147 172 269 163 382 407 232 73 209 162 208 152 401 191 192 256 291 123 146 427 150 249 202 133 321 395 53 308 255 416 64 
minDistance: 6.9
cost: 65068
capacity: 78307
time: 4416
maxTime: 60000
LS1: 69671/82857
LS2: 5703/13186
LS3: 0/0
shakeIters: 7471
shakeLoops: 744
