6.2:19 6.5:63 6.6:79 6.7:160 6.8:317 6.9:8639 
41 391 416 85 449 378 206 407 400 372 460 101 308 450 427 257 497 223 341 483 96 292 255 133 147 244 54 110 393 327 64 146 316 117 411 103 4 162 429 328 408 57 275 388 72 457 136 100 395 284 414 361 366 249 269 130 9 493 163 111 228 158 60 401 21 209 75 491 174 424 318 1 65 458 444 106 142 217 296 381 134 112 115 314 53 198 310 467 389 307 321 360 31 289 150 298 435 295 107 181 138 354 13 309 58 48 274 406 74 291 233 202 382 349 137 278 326 66 248 426 73 301 232 10 331 252 338 259 397 325 373 51 428 337 192 256 452 173 7 191 172 436 
minDistance: 6.9
cost: 65083
capacity: 78391
time: 8639
maxTime: 60000
LS1: 69220/82499
LS2: 6551/13279
LS3: 0/0
shakeIters: 6714
shakeLoops: 667
