6.2:20 6.5:176 6.6:330 6.7:893 6.8:1288 6.9:6246 
326 259 202 460 252 232 483 310 224 269 400 150 53 106 73 10 427 255 366 476 110 54 174 21 484 349 31 429 468 223 74 295 163 65 458 457 134 72 244 401 41 60 397 292 301 162 314 26 133 307 58 372 136 262 146 9 428 309 85 274 284 363 406 416 172 328 360 228 341 452 181 208 20 435 388 467 115 450 128 444 147 66 59 143 308 233 389 278 424 344 158 96 361 395 100 130 103 426 407 217 338 491 137 117 256 57 206 75 265 298 493 373 7 64 291 138 209 436 408 142 325 391 34 321 382 173 101 381 497 257 289 191 4 251 78 337 
minDistance: 6.9
cost: 65071
capacity: 78276
time: 6246
maxTime: 60000
LS1: 72145/85656
LS2: 6182/13511
LS3: 0/0
shakeIters: 7314
shakeLoops: 726
