33.9:14 39.6:40 42.9:46 47.4:65 47.9:131 48.2:377 51.5:431 51.8:502 53.3:1239 53.4:7843 53.5:9865 53.8:19218 54.1:21348 54.2:22606 54.6:34317 55.3:34571 55.5:34732 55.6:34830 55.9:35650 
113 362 450 416 88 350 370 144 209 74 120 270 384 105 230 224 89 250 57 341 162 242 240 383 444 98 490 292 9 260 92 441 197 494 30 346 123 440 121 390 368 283 353 430 277 406 42 374 391 483 352 84 125 426 475 77 452 15 35 445 454 248 155 137 253 361 415 495 425 
minDistance: 55.9
cost: 62444
capacity: 51921
time: 35650
maxTime: 60000
LS1: 463853/481948
LS2: 5541/18095
LS3: 0/0
shakeIters: 12533
shakeLoops: 1248
