36.1:22 36.5:28 40:39 40.8:63 43.1:88 43.5:94 45.8:164 46.4:169 46.5:183 47:187 47.6:260 49.5:624 51:1300 52:1510 53.2:1662 53.5:2252 55.9:2615 56.3:10707 57.5:10720 
257 441 208 47 26 197 371 265 260 41 225 157 15 346 495 409 62 488 370 411 173 124 335 402 135 324 353 443 242 444 142 358 283 137 452 74 266 293 351 500 390 445 144 170 320 422 416 230 30 113 233 253 118 162 25 417 479 228 248 374 369 224 187 123 276 383 240 127 146 499 
minDistance: 57.5
cost: 62773
capacity: 51825
time: 10720
maxTime: 60000
LS1: 479302/497086
LS2: 4067/17784
LS3: 0/0
shakeIters: 13698
shakeLoops: 1367
