41.7:30 42.4:53 42.8:97 44.9:106 46.4:115 47.3:122 47.4:629 47.9:690 48.1:785 49.9:852 50:976 50.1:1401 52.6:1449 52.7:5168 53:5773 53.4:6184 
435 351 426 411 123 334 173 114 397 456 224 490 111 35 24 71 288 248 195 299 444 25 170 260 417 162 214 392 134 341 333 153 346 452 313 266 8 222 276 105 249 253 406 30 465 261 113 225 187 241 228 466 370 68 197 60 320 74 293 86 188 384 415 494 483 422 495 233 139 
minDistance: 53.4
cost: 64862
capacity: 51822
time: 6184
maxTime: 60000
LS1: 466190/483814
LS2: 3143/17624
LS3: 0/0
shakeIters: 14463
shakeLoops: 1443
