42.2:25 42.9:68 43.1:91 45.2:101 46.2:106 46.7:112 48.4:132 50.2:162 50.5:178 50.7:324 52.3:372 53:422 53.2:710 54.2:4628 55.1:5920 55.5:6008 55.6:6011 55.8:6432 55.9:7197 
105 288 120 432 224 92 391 452 368 250 84 350 35 144 283 346 410 253 44 362 361 445 42 123 490 209 384 353 197 349 248 441 454 15 440 409 9 495 68 137 494 246 240 270 435 36 241 162 170 57 257 370 383 352 74 77 307 475 157 416 98 242 483 30 134 292 260 450 155 
minDistance: 55.9
cost: 63866
capacity: 51931
time: 7197
maxTime: 60000
LS1: 472543/490570
LS2: 4132/18027
LS3: 0/0
shakeIters: 13874
shakeLoops: 1384
