36.7:32 36.8:41 39.6:58 39.9:70 41:93 42.2:108 42.5:133 44.4:152 44.6:168 47:185 47.7:325 48.2:417 48.3:1311 48.5:2173 52.9:2207 53.3:2319 54:3329 54.4:5639 54.5:6194 55.1:6206 55.6:6210 
441 474 500 213 350 397 233 384 142 304 335 390 224 162 71 320 280 94 444 172 139 147 486 495 101 228 465 479 222 411 406 225 417 123 499 113 416 249 402 374 30 426 215 388 396 173 443 379 127 248 47 48 462 346 351 137 155 85 313 261 9 266 118 276 74 460 130 208 409 367 15 471 197 
minDistance: 55.6
cost: 64133
capacity: 51875
time: 6210
maxTime: 60000
LS1: 463010/480764
LS2: 5879/17754
LS3: 0/0
shakeIters: 11854
shakeLoops: 1181
