36:23 37.6:55 37.8:61 38.6:68 39:81 39.7:102 42.8:109 46.6:135 47.9:147 48.3:204 50.2:212 52.7:5359 53.4:13990 
314 483 144 114 328 197 288 19 127 71 56 111 208 202 217 170 384 450 452 466 120 70 139 286 63 415 30 221 153 228 494 276 249 365 251 151 336 47 321 426 490 495 370 460 468 25 38 445 250 34 253 380 346 352 246 411 113 86 266 403 75 84 225 482 62 182 422 467 24 386 60 430 465 
minDistance: 53.4
cost: 66467
capacity: 51849
time: 13990
maxTime: 60000
LS1: 460522/478064
LS2: 5309/17542
LS3: 0/0
shakeIters: 12219
shakeLoops: 1220
