36.1:22 45.9:39 46.2:51 47.7:62 48.3:425 50.2:1401 50.3:3355 51.1:3553 53:7716 53.1:8708 53.8:9978 54.4:10609 55.6:44677 
466 369 30 8 337 248 187 253 137 494 452 22 110 41 387 192 480 25 360 291 244 352 358 275 261 118 416 374 442 224 495 225 127 351 204 240 29 370 188 266 486 288 363 147 343 153 468 151 166 257 335 437 245 156 210 48 47 465 397 135 80 208 150 479 444 44 228 318 249 406 
minDistance: 55.6
cost: 62442
capacity: 51855
time: 44677
maxTime: 60000
LS1: 484678/501964
LS2: 3461/17286
LS3: 0/0
shakeIters: 13811
shakeLoops: 1378
