34.1:24 37.8:40 40.3:71 41.7:87 42.8:94 42.9:177 43.6:190 45.5:222 46.5:231 47.5:291 47.7:431 48.1:485 49:625 52:718 52.6:1172 53.3:2478 53.4:2488 54.2:2728 
337 495 440 442 333 111 89 85 114 197 341 86 482 441 316 121 240 444 19 123 320 411 254 228 74 249 468 8 225 313 397 486 35 415 41 382 274 390 351 163 135 370 406 56 142 494 170 233 479 248 469 422 208 452 426 350 187 465 9 214 169 116 224 261 281 417 245 230 
minDistance: 54.2
cost: 62194
capacity: 51819
time: 2728
maxTime: 60000
LS1: 475631/493391
LS2: 3073/17760
LS3: 0/0
shakeIters: 14669
shakeLoops: 1462
