41.9:35 43.6:39 45.4:43 48.2:88 48.7:100 51:122 51.5:420 51.6:3637 51.7:3709 52:5359 52.2:8036 
56 430 276 379 392 171 47 233 144 426 49 422 228 440 149 283 460 254 352 170 384 383 208 48 458 418 397 155 468 84 444 224 36 387 307 74 443 38 483 288 441 415 358 266 163 8 494 495 351 92 29 28 432 60 104 452 248 370 88 127 173 354 123 482 152 153 485 15 343 121 77 490 141 
minDistance: 52.2
cost: 67941
capacity: 51831
time: 8036
maxTime: 60000
LS1: 463572/480530
LS2: 4011/16958
LS3: 0/0
shakeIters: 12936
shakeLoops: 1292
