41.8:27 44.8:42 51:70 51.6:581 53.2:594 54:660 54.3:978 54.8:1213 54.9:11411 55.4:31521 55.5:31646 56.4:44691 56.8:47532 56.9:49625 57.9:50574 58.7:50704 59.3:51130 
63 6 124 299 497 282 223 339 350 269 54 284 419 234 499 186 47 110 333 175 413 203 418 52 374 393 61 211 397 442 167 23 231 489 53 377 96 360 192 20 307 260 314 309 403 174 197 176 41 187 185 125 56 453 493 439 261 354 476 108 390 220 250 88 59 210 157 452 
minDistance: 59.3
cost: 62684
capacity: 48800
time: 51130
maxTime: 60000
LS1: 480801/498588
LS2: 3192/17787
LS3: 0/0
shakeIters: 14578
shakeLoops: 1456
