33.9:11 34.2:17 39.1:44 39.6:51 47.6:79 47.7:86 49.5:155 50.9:159 51.1:463 51.9:484 52.9:496 53:512 53.6:849 54.5:1480 54.7:2374 54.8:2607 55.2:9850 55.5:10777 56.1:17523 
78 224 386 135 24 408 191 497 61 413 34 232 32 265 100 168 209 437 108 229 320 60 491 490 190 248 263 124 199 173 47 313 129 234 151 225 488 455 154 175 181 107 39 297 91 18 433 343 340 496 35 247 308 121 319 31 395 211 489 189 486 226 139 273 440 391 465 145 12 299 
minDistance: 56.1
cost: 63773
capacity: 48819
time: 17523
maxTime: 60000
LS1: 492099/509687
LS2: 3891/17588
LS3: 0/0
shakeIters: 13678
shakeLoops: 1366
