39.7:26 39.9:31 40.2:39 42.4:45 42.9:59 43.2:74 43.6:94 44.6:105 50.1:113 54.3:185 54.4:297 54.8:306 54.9:3401 57.9:3937 58.1:4856 59.8:5415 60.1:36646 
320 462 263 108 137 446 339 176 489 313 19 23 271 44 61 488 464 124 220 423 447 59 112 157 477 495 227 413 218 226 354 215 46 309 146 231 293 384 473 376 456 321 460 39 99 70 349 85 421 125 433 461 476 74 119 128 378 110 173 192 472 333 497 402 165 438 435 67 455 53 
minDistance: 60.1
cost: 59299
capacity: 48832
time: 36646
maxTime: 60000
LS1: 476385/494945
LS2: 5621/18560
LS3: 0/0
shakeIters: 12920
shakeLoops: 1287
