35.7:16 39.6:31 40.2:48 41.5:71 42.9:78 48.7:94 49.6:132 51.6:203 52.6:212 54:216 54.8:223 54.9:656 56.3:2545 56.9:37233 58.8:39073 59.3:42436 
209 56 228 248 413 167 349 18 164 91 281 323 428 346 497 181 232 108 127 90 374 456 32 5 419 477 262 240 104 112 199 258 341 175 100 263 290 59 129 85 215 31 446 154 489 150 474 137 442 55 168 260 488 354 328 297 183 61 261 273 479 44 173 192 437 339 179 225 461 
minDistance: 59.3
cost: 62445
capacity: 48784
time: 42436
maxTime: 60000
LS1: 454476/473439
LS2: 6676/18963
LS3: 0/0
shakeIters: 12269
shakeLoops: 1223
