38.3:14 41.6:25 43.4:54 46.8:70 49.3:137 49.8:150 50.1:154 50.9:159 54.3:165 54.6:172 55.4:191 55.5:619 56.4:6888 57.5:19689 57.7:20490 57.9:20633 58.9:21183 60.5:21270 60.8:51923 
263 271 136 393 476 110 455 460 464 362 19 378 305 112 61 489 473 321 59 173 137 421 309 377 93 394 23 103 349 231 165 128 38 307 256 124 99 435 402 185 438 85 152 176 68 125 333 250 67 96 87 192 53 497 70 326 259 456 154 220 462 108 354 215 243 146 168 56 477 52 
minDistance: 60.8
cost: 61889
capacity: 48763
time: 51923
maxTime: 60000
LS1: 458767/477255
LS2: 4831/18488
LS3: 0/0
shakeIters: 13636
shakeLoops: 1361
