43.5:23 46.3:55 48.6:62 48.7:71 49.6:75 50.9:90 52.2:96 52.4:214 52.6:292 54.6:331 54.8:544 54.9:869 55:1352 55.3:2630 55.5:3543 56.1:3866 56.2:4042 
230 446 168 190 302 69 99 393 86 125 61 328 108 74 263 56 175 85 154 374 110 112 413 185 313 438 432 339 437 34 32 421 145 297 464 497 418 462 408 349 176 397 489 217 35 96 136 62 152 59 231 226 407 456 139 124 265 460 215 378 135 240 309 321 269 128 491 70 282 
minDistance: 56.2
cost: 63089
capacity: 48780
time: 4042
maxTime: 60000
LS1: 459063/477475
LS2: 5130/18412
LS3: 0/0
shakeIters: 13265
shakeLoops: 1323
