44.5:35 45.6:45 46.8:61 48.8:68 50.4:92 54.3:125 54.6:153 55.4:388 56.8:395 58.5:878 59:1198 59.3:1247 
187 377 192 442 349 6 211 124 260 449 495 496 88 333 215 452 213 461 339 419 261 63 173 96 93 193 176 66 61 167 110 374 20 493 346 174 497 53 52 390 284 403 340 220 360 393 469 354 231 282 472 41 372 23 74 446 59 157 476 353 269 125 371 223 56 488 250 175 67 31 
minDistance: 59.3
cost: 60408
capacity: 48956
time: 1247
maxTime: 60000
LS1: 461861/481132
LS2: 6689/19271
LS3: 0/0
shakeIters: 12569
shakeLoops: 1254
