11.7:7 22.4:67 23.4:131 25.6:159 27.8:184 28:197 28.4:540 28.5:693 28.9:759 29:2129 29.3:2739 29.4:32160 29.9:33825 
166 250 257 437 335 389 181 305 110 376 489 490 12 108 495 41 269 467 154 448 374 192 277 191 315 219 121 203 480 186 464 339 179 82 22 35 115 351 38 173 139 68 177 496 363 70 239 493 145 104 23 325 267 174 408 240 308 162 99 273 266 176 469 206 210 63 283 333 124 86 461 175 165 487 56 260 321 241 114 60 452 45 185 20 336 54 231 413 318 415 24 497 462 293 441 53 129 59 153 47 460 230 488 30 6 226 93 243 355 
minDistance: 29.9
cost: 89946
capacity: 73205
time: 33825
maxTime: 60000
LS1: 310204/324600
LS2: 4749/14396
LS3: 0/0
shakeIters: 9633
shakeLoops: 961
