20.1:25 20.4:48 20.5:60 20.9:91 26.4:150 26.8:158 27.8:188 28.6:236 29.2:344 29.3:2121 29.4:3777 29.7:3980 29.9:7693 30.3:44130 
146 489 88 240 175 10 38 391 460 390 102 110 181 47 318 234 397 343 354 184 374 450 35 59 173 54 449 137 433 195 273 135 168 495 340 452 238 166 31 469 267 197 430 305 261 203 260 63 129 490 211 328 480 153 437 30 176 248 487 53 18 351 28 99 187 32 497 191 105 124 26 448 257 154 408 239 107 413 353 299 121 190 206 445 41 389 189 265 139 376 20 219 78 403 310 453 333 339 312 226 493 426 442 231 274 293 250 86 179 
minDistance: 30.3
cost: 89802
capacity: 73172
time: 44130
maxTime: 60000
LS1: 305808/318996
LS2: 3254/13188
LS3: 0/0
shakeIters: 9918
shakeLoops: 989
