16.1:15 17.5:22 17.7:29 20.5:52 20.6:65 21.8:124 24.5:147 24.6:171 24.9:184 26.1:202 27.2:562 27.3:3001 27.8:3085 27.9:3099 28:3564 28.2:3734 28.6:3871 28.7:3975 29.4:36259 29.6:38611 29.9:39220 
269 173 132 61 260 314 386 257 293 135 282 23 249 102 243 456 394 449 231 495 299 167 382 139 154 210 404 487 125 24 186 489 402 413 335 110 70 31 158 86 15 379 481 396 145 6 291 104 229 93 442 124 263 54 333 88 56 87 176 284 203 214 41 38 493 464 271 355 20 181 112 307 206 160 47 437 250 121 197 390 238 304 143 408 179 389 52 239 153 305 308 68 168 35 191 96 374 129 261 146 497 175 397 347 99 192 166 318 351 467 185 53 339 
minDistance: 29.9
cost: 90697
capacity: 73318
time: 39220
maxTime: 60000
LS1: 288793/302749
LS2: 5467/13956
LS3: 0/0
shakeIters: 8466
shakeLoops: 842
