20.8:33 27.8:94 27.9:187 28:349 28.4:524 28.6:3520 28.7:5384 29.3:8871 29.9:11493 30.1:15392 
495 86 47 125 345 5 28 260 299 176 269 78 496 146 121 15 63 96 30 110 497 129 437 24 282 231 22 99 166 175 250 187 201 261 192 445 493 391 413 114 461 376 181 351 403 163 31 395 442 139 226 354 355 179 309 173 255 488 143 93 60 339 336 467 174 469 464 460 377 154 150 186 277 67 408 452 153 191 20 293 318 308 68 38 45 273 489 271 140 185 104 374 487 257 23 390 61 6 389 41 35 53 108 333 283 203 241 249 325 
minDistance: 30.1
cost: 90891
capacity: 73140
time: 15392
maxTime: 60000
LS1: 299862/314244
LS2: 4884/14382
LS3: 0/0
shakeIters: 9486
shakeLoops: 947
