16.4:34 17.1:43 18.8:60 20.1:80 20.2:107 21.4:119 21.5:134 21.7:142 22.5:152 25.5:213 26.4:223 26.8:241 27.2:417 28.1:458 28.2:473 28.3:1544 28.4:6001 28.5:6399 28.6:7217 29.2:7952 29.3:9034 29.4:9778 30:10507 30.1:11180 30.3:19658 30.8:20084 31.1:37738 
173 31 441 132 168 74 264 260 99 186 261 426 487 490 379 403 59 464 328 139 191 290 250 389 179 52 333 41 497 154 70 53 6 226 243 175 86 408 277 345 54 197 181 224 20 354 47 364 129 118 493 339 124 15 461 126 143 185 269 402 121 467 96 90 153 203 309 489 262 45 299 480 325 448 374 108 413 166 378 93 496 479 488 442 492 239 201 104 437 482 297 192 271 263 391 110 214 257 460 355 68 293 356 341 195 
minDistance: 31.1
cost: 90885
capacity: 73183
time: 37738
maxTime: 60000
LS1: 285062/299269
LS2: 3935/14207
LS3: 0/0
shakeIters: 10241
shakeLoops: 1019
