19.4:29 19.9:44 20.1:79 21.3:98 21.4:118 21.8:132 22.9:139 23:177 24.3:191 24.5:207 25.6:265 25.9:292 26.4:349 27.2:366 27.8:400 27.9:423 28:493 28.2:697 28.3:804 28.6:861 29.4:993 29.9:4340 30.1:10469 30.7:59169 30.8:59257 
93 179 339 261 234 96 312 20 333 114 35 181 121 203 38 166 126 389 206 257 47 45 139 448 445 271 108 487 277 32 31 124 460 53 497 250 273 61 41 197 30 293 63 145 154 184 146 355 174 191 442 347 283 269 132 351 464 125 110 129 185 219 153 175 413 452 192 78 345 15 22 461 24 187 403 299 391 376 392 176 59 488 226 231 493 260 239 489 390 437 54 308 309 469 201 291 354 290 186 374 88 86 28 6 315 408 104 173 
minDistance: 30.8
cost: 90811
capacity: 73148
time: 59257
maxTime: 60000
LS1: 294395/308534
LS2: 4264/14139
LS3: 0/0
shakeIters: 9849
shakeLoops: 979
