21:42 21.3:66 24.2:100 24.6:138 25.6:168 26.1:196 27.1:219 27.2:225 27.5:241 28:461 28.2:693 29.3:759 29.4:768 29.5:779 29.9:916 31.1:2086 31.7:7807 31.8:15030 
219 402 349 488 290 482 173 299 426 231 54 15 413 90 179 124 153 234 477 481 271 226 379 197 309 110 203 99 267 450 312 181 261 20 497 464 356 452 74 210 283 108 129 493 381 333 166 195 355 56 30 461 442 187 354 239 460 487 394 243 104 328 93 389 146 45 293 121 361 430 175 260 192 297 351 186 345 489 390 250 145 154 392 59 32 282 26 125 168 241 78 137 63 53 139 31 448 41 339 264 323 437 214 496 86 403 47 257 374 6 
minDistance: 31.8
cost: 90092
capacity: 73144
time: 15030
maxTime: 60000
LS1: 278003/290750
LS2: 3764/12747
LS3: 0/0
shakeIters: 8963
shakeLoops: 892
