11.7:8 19.3:30 19.4:45 20.4:58 20.8:81 23.4:116 24.6:173 24.7:470 25.6:628 26.4:705 28.4:748 28.5:1156 29:1248 29.2:2480 29.4:2795 29.7:2822 29.8:2921 29.9:3037 30.1:3316 30.4:28238 30.8:32325 
86 448 30 226 490 176 493 153 318 469 497 110 467 61 239 175 442 403 260 263 291 20 68 389 292 184 271 45 378 139 355 124 391 191 250 445 181 197 309 214 201 173 437 203 333 88 261 495 297 299 166 345 192 487 15 461 59 231 52 354 118 53 129 179 496 108 488 257 464 460 374 408 78 293 187 243 315 394 186 74 31 277 413 132 308 489 126 114 441 154 93 185 47 269 481 174 339 205 41 35 121 145 104 54 96 
minDistance: 30.8
cost: 90892
capacity: 73216
time: 32325
maxTime: 60000
LS1: 282184/296237
LS2: 3643/14053
LS3: 0/0
shakeIters: 10385
shakeLoops: 1033
