18.7:22 19.8:49 21.1:69 22.9:104 23.4:133 24.3:149 25.6:191 26.4:227 26.7:235 27.2:312 27.3:371 27.6:376 27.8:511 28:660 28.2:670 28.7:821 29:1332 29.3:1455 29.4:1982 30.1:2240 30.4:3397 30.8:3530 31.1:3759 
124 445 166 15 181 187 481 214 139 391 41 45 291 460 389 28 126 461 86 184 206 355 378 239 356 347 99 452 469 290 489 403 121 226 269 487 392 96 309 339 191 192 78 153 315 47 6 413 146 467 437 38 441 426 129 312 257 63 293 299 497 154 131 31 125 118 394 231 145 197 179 52 104 480 59 186 464 493 173 408 488 277 374 110 108 305 185 20 53 54 351 168 93 448 442 30 354 175 261 250 132 333 203 88 176 271 260 308 
minDistance: 31.1
cost: 90796
capacity: 73210
time: 3759
maxTime: 60000
LS1: 277506/292485
LS2: 5563/14979
LS3: 0/0
shakeIters: 9391
shakeLoops: 934
