20.8:49 21.8:59 22.4:106 26.4:131 26.7:151 26.8:175 27.3:322 27.4:392 28.2:471 28.5:496 28.9:1132 29.2:1287 29.3:1551 29.9:5785 30.1:6008 30.2:15424 30.4:19065 30.8:22525 31.1:24760 31.7:43016 
481 378 379 203 497 309 349 59 129 74 239 16 374 125 124 78 345 93 45 461 187 145 192 293 464 173 297 15 264 402 408 54 250 389 282 181 185 361 20 437 493 480 121 488 351 328 52 99 333 6 445 274 96 132 179 460 261 489 234 394 47 168 290 477 231 413 452 403 30 139 26 195 166 31 312 197 226 63 86 448 53 299 257 356 339 442 146 110 108 243 186 153 175 271 482 487 426 355 214 260 41 104 90 354 496 201 154 392 137 
minDistance: 31.7
cost: 90585
capacity: 73187
time: 43016
maxTime: 60000
LS1: 291074/304743
LS2: 3877/13669
LS3: 0/0
shakeIters: 9769
shakeLoops: 971
