24.8:54 25.8:60 26.4:104 28.1:118 28.6:152 28.7:159 29.7:200 30.1:475 30.3:23869 
493 482 355 478 100 397 261 404 277 374 299 333 231 413 481 35 392 181 176 61 53 489 108 309 86 166 351 479 132 93 492 15 340 5 497 496 184 153 328 129 96 52 41 121 212 154 31 263 349 438 344 437 442 448 257 389 38 293 197 378 163 318 271 464 203 487 214 142 87 186 45 173 187 192 20 177 185 118 6 28 441 260 382 287 467 167 469 403 99 125 269 78 408 250 56 495 68 461 131 47 67 139 59 179 339 175 110 335 394 114 
minDistance: 30.3
cost: 90308
capacity: 73183
time: 23869
maxTime: 60000
LS1: 277836/291099
LS2: 4399/13263
LS3: 0/0
shakeIters: 8854
shakeLoops: 884
