20.6:30 21.6:46 21.8:61 22.1:75 24:81 24.3:93 25.6:103 26.1:108 27.8:122 28.2:496 28.4:713 28.7:1710 29.1:1867 29.2:2073 29.3:3834 29.9:4589 30.3:5054 
293 447 15 100 334 452 32 445 219 267 153 248 63 430 31 53 355 12 154 274 24 339 243 477 461 168 40 282 86 121 5 104 351 268 35 469 78 376 497 179 416 230 82 201 437 231 203 139 240 90 315 389 191 60 489 59 129 145 93 333 30 450 143 187 442 465 336 413 354 18 328 166 120 374 495 137 496 61 110 163 241 150 448 493 108 488 47 146 239 487 20 464 345 433 312 318 391 257 175 189 192 23 234 99 273 250 173 403 38 408 299 226 390 
minDistance: 30.3
cost: 89470
capacity: 73160
time: 5054
maxTime: 60000
LS1: 270447/284284
LS2: 6261/13837
LS3: 0/0
shakeIters: 7558
shakeLoops: 754
