18.8:17 21.1:62 21.4:71 21.8:95 24.3:131 25.4:227 26.6:289 26.8:364 27.2:387 28:467 29.3:483 30.1:800 30.3:2063 30.7:4296 
118 175 20 493 18 408 445 250 349 166 429 203 61 74 341 364 96 16 54 284 489 146 31 271 153 201 290 351 185 70 492 374 173 461 378 464 90 139 82 99 269 389 121 53 145 100 114 190 68 497 104 488 59 263 441 467 264 448 277 462 132 108 86 404 129 487 112 355 12 257 339 413 47 354 179 268 333 35 11 40 41 394 142 206 328 336 334 260 224 52 239 293 403 469 93 151 214 345 23 149 126 226 399 490 321 243 230 163 
minDistance: 30.7
cost: 90531
capacity: 73162
time: 4296
maxTime: 60000
LS1: 303567/317532
LS2: 3727/13965
LS3: 0/0
shakeIters: 10222
shakeLoops: 1017
