7.9:62 8:127 8.1:456 8.2:1012 8.3:13858 
332 105 84 481 486 393 323 416 475 439 387 421 159 413 173 449 161 278 292 483 351 357 441 72 350 414 5 57 109 404 102 418 428 465 149 176 68 287 489 76 264 204 147 444 400 369 117 309 78 234 401 500 191 91 462 497 327 479 419 422 420 60 104 438 33 59 267 8 157 277 51 368 140 61 63 139 222 389 463 207 52 305 340 453 446 442 310 320 124 103 394 322 143 331 484 294 65 329 336 155 152 337 334 375 330 54 344 443 347 46 273 496 455 37 215 361 374 459 100 138 158 
minDistance: 8.3
cost: 95485
capacity: 79494
time: 13858
maxTime: 60000
LS1: 142403/150015
LS2: 3597/7612
LS3: 0/0
shakeIters: 3994
shakeLoops: 393
