7.9:90 8:254 8.1:559 8.2:2045 8.3:28327 
52 70 156 334 57 401 483 322 438 464 102 204 413 309 449 100 420 68 354 368 104 157 329 323 369 173 5 103 152 181 344 63 374 176 76 30 332 336 159 394 61 484 416 453 422 351 46 59 105 475 207 81 78 161 442 465 292 115 65 305 361 264 375 350 486 414 320 331 404 139 287 51 357 234 267 489 358 393 127 446 149 8 60 191 266 418 124 117 91 109 459 35 463 215 419 327 400 84 479 72 269 439 138 294 421 462 455 347 37 147 54 389 143 481 33 387 277 415 500 
minDistance: 8.3
cost: 94493
capacity: 79494
time: 28327
maxTime: 60000
LS1: 154943/162198
LS2: 2838/7255
LS3: 0/0
shakeIters: 4394
shakeLoops: 436
