7.9:47 8:154 8.1:413 8.2:935 
278 149 415 475 422 350 158 329 401 483 305 103 209 70 374 495 418 176 462 268 68 428 72 323 52 27 267 168 4 442 332 292 5 394 100 60 44 481 309 351 327 416 61 438 84 117 152 420 191 8 322 347 453 465 139 331 320 102 357 334 178 269 419 413 496 500 235 449 446 404 369 393 484 287 76 104 204 151 41 459 34 89 361 138 439 57 497 486 463 193 91 59 157 266 33 455 368 444 375 109 286 37 400 65 340 134 421 171 215 63 464 277 143 51 105 236 161 124 414 363 
minDistance: 8.2
cost: 97685
capacity: 79510
time: 935
maxTime: 60000
LS1: 169240/177128
LS2: 2901/7888
LS3: 0/0
shakeIters: 4976
shakeLoops: 495
