8:78 8.1:148 8.2:1714 
267 201 332 337 41 68 327 483 8 63 124 65 374 487 421 413 100 322 156 81 287 102 500 404 60 439 336 215 171 173 17 54 414 138 140 1 292 444 330 204 443 147 455 369 37 449 76 418 484 161 481 394 236 400 354 309 273 78 442 95 139 33 209 274 464 187 91 320 486 72 157 334 361 357 463 465 137 347 344 61 475 152 264 378 159 104 277 497 51 59 331 143 57 266 160 176 401 368 103 174 305 375 438 446 422 105 499 117 351 415 350 416 428 420 318 323 496 80 44 
minDistance: 8.2
cost: 96775
capacity: 79512
time: 1714
maxTime: 60000
LS1: 168482/176239
LS2: 2857/7757
LS3: 0/0
shakeIters: 4891
shakeLoops: 488
