7.9:148 8:378 8.1:459 8.2:1354 8.3:2719 
475 368 387 354 89 394 375 464 418 100 59 449 455 149 332 350 334 323 369 443 65 54 102 51 465 81 351 68 267 337 327 139 157 76 143 138 61 8 37 420 393 173 422 419 294 347 171 207 322 72 484 152 500 87 330 35 361 117 103 309 331 124 215 439 52 189 78 344 30 416 80 481 442 486 358 91 109 204 421 336 413 404 462 357 453 441 105 438 57 401 176 320 17 155 236 33 161 414 181 483 222 277 264 104 400 292 374 287 115 463 156 209 63 446 84 60 159 305 
minDistance: 8.3
cost: 94752
capacity: 79527
time: 2719
maxTime: 60000
LS1: 158581/165212
LS2: 2162/6631
LS3: 0/0
shakeIters: 4454
shakeLoops: 443
