7.9:65 8.1:159 8.2:653 8.3:2865 
156 331 329 294 236 59 332 76 315 102 37 222 264 481 117 167 158 438 4 52 171 394 57 8 78 368 320 124 497 463 161 20 400 446 207 30 181 483 103 115 157 155 5 489 323 336 54 51 486 416 72 292 357 484 215 173 21 60 105 140 138 420 267 401 404 201 387 322 428 361 152 149 443 147 260 334 462 442 176 84 411 418 139 330 375 109 449 104 475 347 441 327 100 419 63 27 143 384 116 204 191 350 25 305 277 455 465 48 65 61 81 91 33 500 413 351 374 
minDistance: 8.3
cost: 95672
capacity: 79501
time: 2865
maxTime: 60000
LS1: 158565/165007
LS2: 2081/6442
LS3: 0/0
shakeIters: 4349
shakeLoops: 434
