7.9:66 8:105 8.1:243 8.2:1645 8.3:16669 
63 159 102 393 264 497 323 27 46 234 103 72 147 479 267 115 384 484 191 368 204 419 117 357 5 420 465 37 60 500 54 65 104 78 403 181 416 449 439 428 91 140 33 76 156 441 168 455 25 463 422 331 109 459 442 332 8 61 329 486 116 57 481 374 464 287 84 21 215 475 59 339 105 305 138 161 418 320 157 143 413 334 292 277 294 100 322 336 415 347 139 404 173 401 453 375 207 327 446 269 361 483 176 394 158 30 52 351 20 222 400 489 149 389 81 438 152 51 124 350 
minDistance: 8.3
cost: 93377
capacity: 79581
time: 16669
maxTime: 60000
LS1: 155128/162155
LS2: 2673/7027
LS3: 0/0
shakeIters: 4339
shakeLoops: 430
