8:148 8.1:505 8.2:1533 8.3:48797 
479 103 389 87 400 220 422 418 25 65 347 442 292 8 61 277 234 334 264 329 32 374 158 140 60 161 489 320 497 109 443 33 81 216 76 475 287 46 102 156 446 91 384 449 387 351 147 419 78 117 266 37 149 139 420 459 375 404 331 267 483 27 463 361 401 207 143 215 439 413 176 85 481 357 453 484 394 181 414 368 455 100 104 282 330 20 52 323 54 416 57 155 72 464 84 30 51 294 259 21 138 105 173 63 200 59 438 336 462 305 5 393 364 465 157 159 327 115 
minDistance: 8.3
cost: 94684
capacity: 79539
time: 48797
maxTime: 60000
LS1: 153762/160986
LS2: 2674/7224
LS3: 0/0
shakeIters: 4535
shakeLoops: 450
