8:126 8.1:268 8.2:591 
418 351 309 155 438 483 156 489 414 481 157 273 436 103 369 51 439 441 267 331 60 84 176 336 446 37 486 292 21 82 389 320 322 63 139 4 449 387 323 61 5 287 158 117 334 368 143 264 419 357 464 48 70 173 149 484 327 78 479 91 394 105 401 347 234 487 375 420 41 147 100 294 65 465 455 152 400 222 444 109 416 191 330 339 138 413 340 373 422 1 215 463 442 497 423 384 308 350 329 54 496 453 52 72 124 428 57 220 374 361 277 404 8 27 46 102 459 26 475 221 104 393 332 
minDistance: 8.2
cost: 96829
capacity: 79505
time: 591
maxTime: 60000
LS1: 153144/161294
LS2: 4114/8150
LS3: 0/0
shakeIters: 4029
shakeLoops: 401
