8:95 8.1:167 8.2:1071 8.3:4400 
189 52 394 156 334 462 323 368 485 81 422 354 453 91 36 152 404 59 463 406 438 420 51 105 358 414 372 450 455 176 103 322 344 481 138 374 117 181 500 389 149 439 332 384 292 78 486 191 65 63 168 30 157 57 305 419 204 143 309 331 442 416 464 269 287 173 294 475 80 449 234 479 60 400 401 102 70 351 124 109 46 207 76 61 215 267 222 336 350 375 353 264 49 17 347 446 441 161 484 33 393 320 139 4 35 37 361 483 84 72 115 89 327 8 54 465 413 369 
minDistance: 8.3
cost: 94315
capacity: 79517
time: 4400
maxTime: 60000
LS1: 161769/168573
LS2: 2174/6804
LS3: 0/0
shakeIters: 4619
shakeLoops: 460
