8:199 8.1:491 8.2:625 8.3:12632 
305 157 147 207 483 140 109 310 176 158 320 340 234 484 116 416 420 78 72 100 331 76 173 347 277 143 389 419 8 149 21 60 374 489 204 332 479 428 327 138 462 438 315 52 452 57 292 46 404 442 418 446 322 161 152 5 455 413 463 59 351 432 401 222 339 400 459 441 27 102 394 287 500 481 63 475 387 201 264 191 65 361 368 155 37 443 496 159 329 367 54 334 245 465 273 91 104 323 486 357 384 375 267 422 61 105 278 84 33 330 124 444 294 139 449 103 51 25 
minDistance: 8.3
cost: 96479
capacity: 79500
time: 12632
maxTime: 60000
LS1: 141939/148608
LS2: 2620/6669
LS3: 0/0
shakeIters: 4031
shakeLoops: 400
