7.9:107 8:238 8.1:951 8.2:1871 8.3:3506 
176 25 33 17 52 327 351 481 334 124 315 84 344 449 76 322 201 215 171 486 115 384 400 65 161 72 484 264 442 387 95 87 292 332 117 116 91 259 277 57 483 323 54 59 222 464 159 350 500 80 204 30 105 465 331 102 20 109 100 411 37 401 61 419 60 357 140 413 8 336 207 420 260 347 63 368 167 455 156 438 294 181 104 138 267 155 189 394 418 158 475 320 51 173 81 103 441 139 462 375 463 89 443 157 330 416 236 78 446 361 143 374 305 497 404 
minDistance: 8.3
cost: 95112
capacity: 79519
time: 3506
maxTime: 60000
LS1: 166346/173167
LS2: 2082/6821
LS3: 0/0
shakeIters: 4714
shakeLoops: 468
