8.1:51 8.2:130 8.3:386 8.4:5151 
416 202 32 473 147 336 251 201 55 488 359 318 227 351 195 382 50 373 89 124 391 199 446 421 426 70 145 18 377 419 114 107 369 387 430 445 57 177 254 181 401 472 265 428 28 485 151 148 252 24 170 405 191 94 158 215 111 460 362 238 308 353 159 395 47 414 299 489 206 153 73 132 15 269 196 207 180 493 7 38 439 146 149 112 368 92 56 499 163 385 225 141 133 95 66 67 26 41 311 35 85 280 386 407 292 221 412 173 234 188 321 213 189 118 313 347 
minDistance: 8.4
cost: 86288
capacity: 74176
time: 5151
maxTime: 60000
LS1: 166229/172911
LS2: 1840/6682
LS3: 0/0
shakeIters: 4819
shakeLoops: 478
