8.1:97 8.2:131 8.3:237 8.4:452 
149 353 252 373 64 405 347 412 431 221 489 445 158 308 170 85 228 383 481 50 292 368 145 114 185 269 369 12 47 428 382 116 318 147 225 111 57 151 472 440 32 125 206 377 26 439 188 407 401 321 460 234 213 311 493 112 399 199 475 132 499 488 124 391 455 94 146 107 41 202 351 299 68 238 413 177 83 15 119 207 386 67 148 38 426 443 227 150 215 95 494 191 66 196 180 419 446 73 133 260 118 385 473 251 265 195 173 464 141 153 421 92 181 201 358 
minDistance: 8.4
cost: 89227
capacity: 74198
time: 452
maxTime: 60000
LS1: 148290/154413
LS2: 1639/6123
LS3: 0/0
shakeIters: 4474
shakeLoops: 446
