8.1:43 8.2:127 8.3:326 8.4:1262 
472 228 149 444 133 207 141 24 189 124 428 172 32 223 373 358 499 494 476 28 445 227 153 318 238 387 439 215 401 475 321 368 347 402 201 185 38 57 446 255 177 376 221 148 464 485 225 114 112 105 66 188 199 489 125 419 170 412 50 147 94 18 351 440 336 265 374 421 269 311 377 202 206 308 460 41 488 391 426 118 159 67 116 292 280 180 150 146 85 196 163 473 251 414 404 92 73 299 89 151 145 252 181 26 385 64 195 386 107 405 362 234 345 15 407 95 
minDistance: 8.4
cost: 89364
capacity: 74239
time: 1262
maxTime: 60000
LS1: 147702/153787
LS2: 1680/6085
LS3: 0/0
shakeIters: 4392
shakeLoops: 436
