7.8:21 8.1:72 8.2:123 8.3:369 8.4:2251 
114 499 464 299 73 180 147 195 446 80 112 118 285 362 124 421 66 202 428 64 125 107 419 368 347 26 24 50 70 321 57 215 141 265 489 426 377 254 18 148 95 336 473 150 232 153 28 7 170 94 56 255 85 55 189 173 201 292 460 234 47 149 41 191 177 488 221 407 405 386 188 311 196 385 382 32 387 225 445 151 485 391 252 111 401 116 494 404 238 472 132 146 159 181 67 373 251 183 60 475 318 38 206 89 207 439 369 493 351 49 280 92 308 269 293 227 
minDistance: 8.4
cost: 88721
capacity: 74185
time: 2251
maxTime: 60000
LS1: 152353/158374
LS2: 1537/6021
LS3: 0/0
shakeIters: 4466
shakeLoops: 445
