7.8:25 8.1:227 8.2:383 8.3:510 8.4:939 
387 85 151 439 112 26 313 73 489 148 141 460 35 170 145 55 147 444 445 24 238 443 124 472 202 114 225 12 382 172 473 376 58 446 385 368 188 269 395 391 181 215 15 353 412 416 67 450 32 83 177 386 292 196 345 146 190 149 50 308 156 227 347 107 158 399 154 92 421 118 362 228 426 499 221 311 401 195 68 199 318 70 28 94 488 207 359 153 47 7 213 265 66 179 346 377 402 180 41 201 336 373 133 351 493 485 419 407 65 132 365 95 428 430 18 405 
minDistance: 8.4
cost: 86513
capacity: 74161
time: 939
maxTime: 60000
LS1: 167054/173605
LS2: 1809/6551
LS3: 0/0
shakeIters: 4721
shakeLoops: 468
