8.1:73 8.2:198 8.3:860 8.4:2598 
221 362 105 464 146 412 473 199 55 391 202 385 299 499 92 345 311 431 213 206 170 94 407 217 489 318 308 181 195 73 107 66 254 351 373 116 476 24 50 401 234 347 118 159 145 233 128 225 227 188 368 421 265 376 57 292 28 387 439 428 133 15 336 111 353 189 215 460 485 475 220 472 405 201 488 369 386 32 147 56 180 125 269 177 238 112 114 252 494 223 374 445 148 426 321 141 440 67 64 41 149 414 26 207 446 153 85 38 196 150 251 95 377 280 
minDistance: 8.4
cost: 88215
capacity: 74156
time: 2598
maxTime: 60000
LS1: 157726/164340
LS2: 2029/6614
LS3: 0/0
shakeIters: 4561
shakeLoops: 451
