8.1:76 8.2:136 8.3:220 8.4:4319 
428 368 395 351 177 228 498 180 7 269 385 118 430 419 227 172 107 26 96 55 66 215 64 299 188 439 265 359 443 407 431 446 181 387 95 399 151 350 321 234 206 336 416 485 377 353 195 112 382 15 413 170 132 426 94 83 376 311 62 199 499 68 318 148 238 67 421 346 133 12 41 313 473 345 141 391 347 47 85 201 386 225 158 50 362 146 488 70 114 207 73 401 32 369 111 221 489 398 153 252 149 196 202 145 190 92 445 213 405 450 493 460 373 
minDistance: 8.4
cost: 84994
capacity: 74279
time: 4319
maxTime: 60000
LS1: 154316/160442
LS2: 1588/6126
LS3: 0/0
shakeIters: 4524
shakeLoops: 450
