8:128 8.1:182 8.2:229 8.3:856 
249 24 256 394 31 314 209 238 214 321 202 354 234 210 221 206 134 426 366 7 67 104 266 379 60 222 381 424 411 232 1 64 255 397 313 183 167 451 225 360 73 410 495 468 392 297 139 233 298 95 383 56 197 170 432 403 428 391 265 230 257 491 212 195 164 496 172 272 203 96 226 457 450 329 151 438 339 121 198 45 350 252 349 336 81 228 463 467 262 332 30 488 62 308 396 153 40 289 103 420 295 286 148 28 155 380 374 273 267 192 278 130 318 224 235 
minDistance: 8.3
cost: 96447
capacity: 78340
time: 856
maxTime: 60000
LS1: 142888/150260
LS2: 3181/7372
LS3: 0/0
shakeIters: 4174
shakeLoops: 415
