7.8:69 7.9:126 8.1:205 8.2:450 8.3:1912 
397 148 391 339 336 410 202 278 467 266 206 238 257 224 1 289 214 383 380 60 286 130 272 392 406 424 230 379 415 403 153 252 183 262 209 7 225 52 103 73 314 235 197 67 190 212 428 104 31 374 30 450 396 418 329 233 140 496 363 255 451 349 134 360 221 45 298 394 297 495 226 167 139 313 273 198 295 438 40 64 420 170 400 24 191 234 432 366 121 203 308 151 385 321 267 81 426 302 457 131 318 332 62 28 325 172 56 222 228 249 491 265 195 
minDistance: 8.3
cost: 96055
capacity: 78280
time: 1912
maxTime: 60000
LS1: 174882/182739
LS2: 2514/7857
LS3: 0/0
shakeIters: 5322
shakeLoops: 527
