7.9:92 8:138 8.1:272 8.2:516 8.3:2254 
121 249 267 228 469 131 272 56 67 377 50 167 20 392 321 332 195 273 374 463 424 134 224 491 45 451 233 295 191 203 202 391 413 428 62 411 197 257 383 266 346 298 306 107 286 400 30 221 420 457 385 192 467 198 410 262 103 235 226 297 225 60 81 403 75 15 64 106 206 252 234 73 222 432 212 360 40 336 325 313 238 314 44 151 289 308 104 153 426 95 28 418 80 496 488 438 379 396 366 339 133 139 214 130 172 427 349 31 354 183 
minDistance: 8.3
cost: 97398
capacity: 78354
time: 2254
maxTime: 60000
LS1: 173149/180844
LS2: 2077/7695
LS3: 0/0
shakeIters: 5601
shakeLoops: 557
