8.1:181 8.2:339 8.3:5640 
360 339 28 74 104 272 56 192 405 338 130 238 298 410 392 96 274 214 286 44 292 221 266 45 190 433 197 73 343 202 31 234 383 273 84 394 124 451 222 172 379 377 332 426 492 313 306 66 447 457 458 403 329 249 314 209 212 487 30 60 198 378 191 297 170 488 40 82 18 374 233 354 349 151 195 64 391 308 81 321 424 396 317 103 463 450 411 325 257 50 295 438 337 15 7 206 131 95 289 225 203 318 444 248 148 269 232 2 300 79 121 327 366 491 493 
minDistance: 8.3
cost: 94961
capacity: 78290
time: 5640
maxTime: 60000
LS1: 160044/167028
LS2: 2455/6984
LS3: 0/0
shakeIters: 4508
shakeLoops: 448
