8:100 8.1:170 8.2:364 8.3:57424 
77 233 165 342 400 224 72 214 377 274 360 42 354 221 119 104 172 197 488 325 275 397 121 234 418 40 126 490 352 339 56 238 192 380 170 67 379 392 191 378 295 332 278 289 209 496 155 257 157 391 298 466 64 146 37 272 463 420 394 62 329 374 338 228 266 255 30 410 314 438 313 166 493 163 132 60 74 424 212 403 470 457 426 467 249 134 148 273 232 261 95 327 432 337 256 252 27 450 308 451 321 20 225 195 6 7 24 28 96 222 285 22 190 130 304 286 73 202 
minDistance: 8.3
cost: 97183.2
capacity: 78288
time: 57424
maxTime: 60000
LS1: 116781/123139
LS2: 3259/6358
LS3: 0/0
shakeIters: 3087
shakeLoops: 306
