7.8:67 8.1:146 8.2:270 8.3:3694 
63 134 420 56 81 338 183 466 50 337 20 360 403 212 418 197 424 467 224 391 202 79 295 457 103 286 80 140 214 60 450 257 406 104 426 121 273 252 64 226 191 262 394 379 130 234 167 432 172 285 249 235 363 464 411 308 230 31 397 332 190 383 427 416 131 314 195 272 73 266 410 62 385 203 225 366 28 392 374 24 148 396 302 352 119 400 491 313 258 415 222 1 52 228 163 325 327 192 289 40 496 107 209 451 238 278 74 380 298 55 206 30 106 123 354 454 321 
minDistance: 8.3
cost: 94386.2
capacity: 78275
time: 3694
maxTime: 60000
LS1: 133913/140162
LS2: 2550/6249
LS3: 0/0
shakeIters: 3681
shakeLoops: 365
