7.8:82 7.9:129 8.1:239 8.2:642 8.3:2690 
272 192 314 308 394 126 354 332 481 148 424 28 428 262 31 317 289 257 286 130 209 153 426 73 391 157 374 467 488 146 295 170 221 350 195 163 212 256 45 304 118 408 278 96 198 318 372 191 365 247 466 9 228 234 56 249 95 468 40 172 22 432 44 60 460 300 223 253 450 297 490 287 7 493 121 225 329 396 164 298 321 339 463 266 336 233 433 238 377 232 313 124 64 67 343 360 92 18 84 410 392 405 457 438 222 4 380 451 42 273 265 190 202 312 
minDistance: 8.3
cost: 97546.2
capacity: 78305
time: 2690
maxTime: 60000
LS1: 139713/146381
LS2: 2463/6668
LS3: 0/0
shakeIters: 4189
shakeLoops: 414
