7.8:57 7.9:95 8:138 8.1:305 8.2:982 8.3:2888 
378 457 383 195 410 272 63 418 286 31 295 183 222 391 289 278 28 172 379 416 403 148 248 226 332 30 62 298 56 380 424 366 252 427 203 487 79 191 394 224 228 119 192 450 266 249 377 214 206 325 392 300 396 327 81 363 496 273 432 337 234 163 74 374 491 123 107 40 44 464 73 190 451 104 352 212 202 197 47 329 209 308 132 411 106 274 50 318 467 221 18 225 313 426 285 52 121 130 338 2 302 60 314 258 385 257 415 321 360 64 131 8 238 
minDistance: 8.3
cost: 95455
capacity: 78322
time: 2888
maxTime: 60000
LS1: 154315/161652
LS2: 2701/7337
LS3: 0/0
shakeIters: 4621
shakeLoops: 459
