7.9:124 8:158 8.1:339 8.2:862 8.3:4029 
45 318 267 392 383 298 297 195 22 197 360 332 467 317 146 411 62 306 343 192 8 471 410 329 7 488 234 266 130 67 394 206 212 28 418 460 438 385 420 432 64 222 202 183 428 121 346 40 450 490 416 203 153 336 104 289 403 60 426 272 257 30 295 278 237 170 191 24 262 391 73 424 463 461 366 429 225 198 396 255 374 308 400 325 228 314 134 56 313 495 221 224 349 496 354 457 415 235 321 214 31 172 286 131 265 377 209 238 451 133 249 
minDistance: 8.3
cost: 97587
capacity: 78283
time: 4029
maxTime: 60000
LS1: 170656/179112
LS2: 2601/8456
LS3: 0/0
shakeIters: 5831
shakeLoops: 578
