7.7:66 8:161 8.1:180 8.2:278 8.3:22504 
190 415 30 377 214 20 257 418 192 234 379 360 151 28 212 428 40 378 374 195 202 206 153 62 197 410 252 121 413 314 286 325 183 432 103 366 308 278 45 400 332 73 52 306 226 457 385 131 130 123 249 298 396 140 203 60 272 438 289 416 228 321 67 75 224 50 267 411 24 222 363 31 172 352 235 2 266 133 338 426 64 336 106 392 451 467 496 313 420 238 191 134 459 295 424 495 80 397 104 146 349 391 8 469 255 491 273 403 427 354 383 119 454 56 302 225 
minDistance: 8.3
cost: 95546
capacity: 78315
time: 22504
maxTime: 60000
LS1: 143884/150914
LS2: 2954/7030
LS3: 0/0
shakeIters: 4060
shakeLoops: 404
