8.1:182 8.2:458 8.3:9570 
332 106 325 52 224 167 394 438 415 467 321 451 206 450 30 424 266 392 192 418 31 212 329 107 252 121 493 379 73 298 374 272 45 18 295 354 44 233 336 62 56 67 408 130 64 195 214 257 104 172 313 131 338 238 28 427 360 262 314 432 410 20 202 491 47 40 278 197 411 209 50 226 339 235 300 230 363 273 221 457 380 286 308 383 302 352 60 74 234 385 391 426 289 249 163 496 148 248 267 81 396 406 222 228 225 366 403 119 203 191 428 
minDistance: 8.3
cost: 95029
capacity: 78349
time: 9570
maxTime: 60000
LS1: 173150/180792
LS2: 2310/7642
LS3: 0/0
shakeIters: 5320
shakeLoops: 529
