7.9:131 8:197 8.1:265 8.2:706 8.3:9534 
313 62 396 222 349 164 31 308 40 226 30 432 302 274 321 225 360 350 103 123 403 278 192 352 427 471 424 468 67 235 392 153 28 256 238 63 234 258 230 491 197 493 426 106 467 191 202 366 107 415 50 428 457 363 206 295 60 286 289 121 496 52 374 354 130 209 385 397 257 44 195 273 252 383 190 332 338 119 420 410 408 272 394 64 13 214 314 151 212 172 221 224 167 249 104 1 228 406 298 267 411 318 55 148 416 134 300 450 391 451 266 306 73 140 56 80 203 
minDistance: 8.3
cost: 95819
capacity: 78314
time: 9534
maxTime: 60000
LS1: 122956/128816
LS2: 2450/5860
LS3: 0/0
shakeIters: 3390
shakeLoops: 335
