38:22 39.7:39 43.4:103 44.4:113 45.5:124 45.7:141 46.9:145 47:198 47.1:391 47.5:416 48.9:456 50.2:498 50.3:704 50.9:744 52.1:831 53:1118 53.2:1331 
229 268 477 315 68 435 463 241 431 473 17 115 367 332 288 276 472 93 100 353 466 421 33 210 82 50 155 484 344 158 128 98 13 307 185 370 73 397 464 259 318 267 47 180 72 69 496 499 357 340 127 457 373 387 11 475 148 488 92 434 221 119 458 290 424 247 143 227 
minDistance: 53.2
cost: 62147
capacity: 51769
time: 1331
maxTime: 60000
LS1: 482888/502311
LS2: 5667/19423
LS3: 0/0
shakeIters: 13739
shakeLoops: 1371
