32.9:28 38.9:42 39.8:51 41.5:65 47:84 48.5:98 49.6:188 50.6:201 50.9:212 52.8:287 53:1876 53.2:2364 53.4:47793 
187 376 94 52 172 372 329 437 291 323 458 466 357 434 76 247 440 498 374 207 261 335 127 43 119 158 11 286 50 360 71 315 182 126 267 266 485 77 140 239 390 228 210 110 36 435 155 265 353 397 311 37 463 310 100 23 227 92 48 61 13 10 180 258 418 243 171 422 143 72 
minDistance: 53.4
cost: 63849
capacity: 51731
time: 47793
maxTime: 60000
LS1: 497751/516159
LS2: 4561/18408
LS3: 0/0
shakeIters: 13834
shakeLoops: 1381
