30.2:7 38.5:40 39.5:53 39.7:68 41.1:89 42.3:119 46.9:139 47.5:172 48.4:208 48.8:223 50.1:235 50.4:238 51.9:253 53.2:374 53.3:48654 53.4:48849 
92 423 437 74 10 210 153 180 418 54 339 420 61 63 357 171 36 172 199 258 445 161 397 286 374 228 77 298 126 94 110 191 76 42 315 19 435 207 143 239 96 493 338 318 182 265 280 267 458 485 72 114 466 390 499 327 341 498 251 158 100 95 247 375 335 217 360 310 13 415 127 202 
minDistance: 53.4
cost: 61158
capacity: 51649
time: 48849
maxTime: 60000
LS1: 489344/507575
LS2: 5236/18231
LS3: 0/0
shakeIters: 12978
shakeLoops: 1293
