38.7:25 39.9:39 40:69 40.2:79 40.6:85 41.4:96 44.7:108 45.2:113 45.5:120 47.3:130 49:143 49.6:445 50.6:461 51.2:466 52.1:470 52.3:7320 53:7965 53.1:24248 53.2:31927 
420 348 234 322 96 267 11 298 158 497 265 241 276 461 72 357 33 427 431 174 304 484 288 17 458 44 69 201 231 200 148 466 415 163 389 143 213 434 294 207 405 157 369 435 221 397 78 127 149 32 473 152 54 155 10 121 247 319 184 339 296 228 194 310 119 353 299 330 171 76 
minDistance: 53.2
cost: 61862
capacity: 51652
time: 31927
maxTime: 60000
LS1: 487294/505316
LS2: 3940/18022
LS3: 0/0
shakeIters: 14061
shakeLoops: 1402
