39.6:44 45.4:81 48:109 48.3:128 49.3:133 49.7:200 52:270 53.3:314 54.1:318 54.8:360 55.8:2055 57:7325 57.4:7560 57.9:8632 58.5:8956 58.7:9097 59.2:9599 59.5:14254 
456 290 378 113 163 399 78 122 242 462 432 66 260 112 477 482 125 333 372 86 385 104 485 275 201 270 194 429 306 369 259 124 212 225 277 27 117 134 424 109 28 459 287 84 149 107 80 128 83 103 308 397 42 316 207 387 193 203 17 100 244 499 239 364 315 169 173 463 85 187 357 
minDistance: 59.5
cost: 65731
capacity: 51767
time: 14254
maxTime: 60000
LS1: 461740/480628
LS2: 6995/18888
LS3: 0/0
shakeIters: 11875
shakeLoops: 1183
