29:19 38.6:49 43.7:80 44.6:96 46.3:177 46.9:185 52.7:222 53.5:281 54.1:296 54.3:362 54.6:633 54.8:647 57:929 57.8:937 58.5:1004 58.6:4283 
88 129 69 260 149 397 424 193 163 499 462 153 112 482 214 287 371 203 124 171 194 357 456 368 20 42 493 225 268 245 80 164 380 17 113 165 378 28 463 128 459 111 253 333 201 81 84 429 290 488 104 372 210 243 173 242 66 315 83 117 212 27 244 134 125 86 369 101 159 433 
minDistance: 58.6
cost: 64370
capacity: 51807
time: 4283
maxTime: 60000
LS1: 480103/499078
LS2: 6623/18975
LS3: 0/0
shakeIters: 12335
shakeLoops: 1230
