41.4:35 42.2:63 43.4:71 43.5:76 43.7:145 47.6:219 48:231 49.9:245 51.2:301 58.5:354 58.7:2085 58.8:12299 59.2:13015 59.4:13114 
481 285 27 100 112 194 158 434 245 369 242 193 159 201 482 260 84 378 212 1 128 492 419 397 235 232 477 153 134 231 101 23 88 459 66 124 476 28 202 268 306 364 333 462 456 149 405 113 69 371 463 455 357 68 107 467 125 111 429 203 225 250 259 20 105 214 173 42 499 65 
minDistance: 59.4
cost: 62861
capacity: 51765
time: 13114
maxTime: 60000
LS1: 490649/509675
LS2: 5861/19026
LS3: 0/0
shakeIters: 13151
shakeLoops: 1311
