37.5:41 37.6:75 47:126 47.7:130 49.9:149 52.2:157 54.1:462 54.3:1118 54.4:2582 54.6:16400 54.8:16413 55.9:16485 58.5:16798 58.6:22448 
101 429 148 290 265 66 419 200 369 111 80 15 68 28 65 364 203 422 378 405 84 467 493 357 97 235 482 163 306 212 260 193 159 201 397 194 463 285 128 124 245 423 259 433 100 113 27 438 287 125 318 214 268 225 158 477 232 371 333 155 112 107 42 1 456 69 434 390 33 485 88 20 
minDistance: 58.6
cost: 65342
capacity: 51818
time: 22448
maxTime: 60000
LS1: 472708/491537
LS2: 6662/18829
LS3: 0/0
shakeIters: 12152
shakeLoops: 1213
