44.8:33 45.8:39 46.5:70 50.8:113 52.2:426 54.1:432 54.3:492 54.6:499 54.8:875 56.5:879 57:1049 57.8:2597 58.6:2831 58.7:8793 59.5:14856 59.9:18446 62.6:24173 
112 81 75 212 420 482 149 153 462 247 201 245 131 231 493 399 122 316 84 242 357 18 142 364 28 333 173 128 394 487 186 463 499 69 372 277 117 378 163 214 397 113 83 125 477 459 476 424 446 432 159 103 134 124 315 107 17 223 194 326 27 111 259 456 429 104 225 460 369 
minDistance: 62.6
cost: 65675
capacity: 51792
time: 24173
maxTime: 60000
LS1: 482776/500649
LS2: 3753/17873
LS3: 0/0
shakeIters: 14103
shakeLoops: 1407
