21.7:49 23:67 23.5:105 23.7:113 23.8:123 24:130 24.8:144 25.3:392 25.4:795 25.8:1572 25.9:1752 26:3295 26.5:6349 26.8:7336 26.9:7550 27:20430 
98 288 49 227 267 369 21 265 471 199 255 417 323 249 69 110 319 473 17 415 11 247 122 3 276 308 287 426 27 180 259 469 121 228 150 298 127 68 348 490 126 155 300 324 4 492 373 299 356 397 99 357 178 450 102 445 332 385 389 318 407 78 104 107 25 145 116 434 451 320 42 402 229 466 119 221 360 437 13 170 330 312 61 418 200 230 128 328 339 340 303 394 412 435 367 156 241 54 372 497 97 431 130 136 354 408 290 368 210 379 
minDistance: 27
cost: 95749
capacity: 77490
time: 20430
maxTime: 60000
LS1: 314200/327795
LS2: 4059/13595
LS3: 0/0
shakeIters: 9519
shakeLoops: 949
