20.3:60 20.4:84 21.6:110 21.8:119 22.2:156 23:171 24.4:215 24.7:228 25.9:323 26.1:785 26.5:2425 26.8:29592 27:30686 27.1:33203 
155 101 487 161 138 412 11 485 329 14 397 368 174 180 319 499 20 435 345 390 492 128 54 423 228 136 336 413 424 10 348 111 494 357 94 74 202 268 242 335 351 287 4 290 267 445 143 184 451 434 298 364 178 310 307 88 437 38 152 9 497 160 414 415 332 81 69 241 158 50 103 418 192 68 210 230 164 26 87 421 234 457 261 263 360 448 44 49 150 227 281 326 473 233 498 16 373 72 5 296 185 47 156 300 247 299 255 313 190 463 453 
minDistance: 27.1
cost: 95799
capacity: 77505
time: 33203
maxTime: 60000
LS1: 323932/337487
LS2: 4688/13555
LS3: 0/0
shakeIters: 8850
shakeLoops: 882
