20.2:50 20.5:71 22.3:125 23:137 25.4:179 25.7:217 25.9:321 26:2228 26.4:2309 26.5:2816 26.6:7237 26.7:24285 26.8:24562 
281 158 498 130 242 263 291 148 234 415 50 437 155 395 197 241 299 228 348 223 474 69 379 36 184 308 161 413 180 339 93 247 202 68 494 357 451 287 258 55 492 424 499 160 190 322 351 446 332 88 300 11 265 178 227 143 407 290 255 423 72 326 390 435 367 136 288 311 5 298 313 115 485 194 24 307 87 497 238 49 466 356 27 324 213 335 45 336 372 47 319 44 127 434 414 418 397 4 128 373 229 233 185 104 126 230 191 52 463 42 368 
minDistance: 26.8
cost: 95325
capacity: 77501
time: 24562
maxTime: 60000
LS1: 298995/311982
LS2: 4580/12987
LS3: 0/0
shakeIters: 8392
shakeLoops: 836
