16.4:15 19.2:58 21.7:111 22.3:150 23.1:159 24.6:213 25.9:242 26.1:445 26.2:2309 26.6:2664 26.7:56570 
4 319 2 236 373 417 285 246 390 339 139 230 137 360 61 170 463 302 158 375 498 324 150 130 446 303 238 255 50 326 220 322 427 92 394 296 93 453 148 287 192 278 481 221 388 485 19 280 414 74 357 206 208 223 202 247 227 152 351 234 112 345 201 336 87 53 104 44 435 395 182 226 79 262 172 415 68 128 265 13 492 233 77 134 376 368 180 199 9 499 119 228 264 494 466 178 374 316 21 85 38 69 333 161 364 293 335 397 490 473 412 341 330 35 209 42 
minDistance: 26.7
cost: 94150
capacity: 77503
time: 56570
maxTime: 60000
LS1: 283740/296306
LS2: 5101/12566
LS3: 0/0
shakeIters: 7451
shakeLoops: 743
