19.4:45 22:77 23:99 24.2:115 25.3:142 25.4:163 25.9:178 26.5:362 27:901 27.1:1104 27.3:1929 27.7:7266 
180 351 335 365 136 247 95 388 178 76 72 486 210 42 312 368 74 228 485 223 94 445 226 202 360 36 85 499 308 68 195 238 227 415 451 396 20 373 11 38 313 221 403 290 317 336 414 102 492 263 230 126 466 345 397 4 423 339 184 369 44 233 281 356 61 274 234 379 437 424 207 332 265 5 2 241 192 50 104 497 319 323 177 261 191 153 87 255 299 111 242 418 390 296 217 402 407 341 258 287 194 357 326 199 156 10 346 200 435 434 27 408 300 
minDistance: 27.7
cost: 95603
capacity: 77472
time: 7266
maxTime: 60000
LS1: 304619/318383
LS2: 6002/13764
LS3: 0/0
shakeIters: 7747
shakeLoops: 772
