17.5:37 18.3:44 23.2:66 24.8:110 25.4:124 25.7:246 25.8:258 25.9:319 26.8:712 26.9:832 27.1:993 28.2:21678 28.4:24903 28.8:30125 
200 50 158 127 148 473 434 107 160 81 287 457 424 49 74 379 53 281 143 326 341 47 100 336 276 452 298 484 313 497 150 234 54 267 485 261 290 233 184 259 397 98 72 170 111 38 242 265 36 463 369 116 300 189 339 415 210 499 431 228 307 388 323 156 324 310 299 296 418 180 390 230 461 227 466 178 334 293 77 128 10 453 322 238 9 319 11 149 48 88 5 412 192 407 435 155 42 360 247 221 68 492 26 204 414 332 357 44 
minDistance: 28.8
cost: 96050
capacity: 77637
time: 30125
maxTime: 60000
LS1: 331528/345019
LS2: 3750/13491
LS3: 0/0
shakeIters: 9722
shakeLoops: 969
