20.2:64 21.2:87 23:132 24.5:149 24.8:160 25.4:191 25.7:548 26.6:694 26.8:866 26.9:1742 27:2484 28.3:4168 28.4:12795 28.7:29490 29.1:39768 
485 10 329 431 388 45 234 189 228 25 111 383 101 200 72 47 326 414 50 268 457 81 261 267 34 307 227 195 94 345 364 447 379 368 412 210 150 199 497 323 418 54 423 68 178 463 38 138 155 76 108 71 230 158 290 16 239 74 48 143 247 202 36 360 335 266 353 437 11 14 451 319 413 92 156 180 242 107 42 37 300 390 49 373 473 434 397 216 498 435 185 32 41 184 298 296 313 17 357 341 9 284 4 351 310 148 145 492 499 77 407 233 466 221 424 
minDistance: 29.1
cost: 91871
capacity: 77550
time: 39768
maxTime: 60000
LS1: 303994/317896
LS2: 5987/13902
LS3: 0/0
shakeIters: 7895
shakeLoops: 785
