19.4:42 21:58 21.6:86 21.9:98 22.2:106 23.5:122 24.4:249 24.8:263 25.3:327 25.4:353 25.8:482 25.9:670 26.1:717 26.5:816 26.8:1448 26.9:1542 27:2089 27.1:42079 
373 468 55 47 241 390 226 415 106 136 126 161 453 345 143 100 273 255 184 421 150 264 348 339 322 69 68 20 44 374 285 178 423 307 497 176 404 235 313 403 332 72 53 228 160 27 424 293 418 356 263 111 296 437 148 420 74 180 104 466 155 360 5 236 262 480 107 128 110 319 499 234 434 158 431 364 130 191 145 446 463 16 49 221 321 242 397 42 379 473 393 485 498 223 247 492 197 265 324 302 233 457 368 202 412 494 287 156 335 92 230 436 300 38 407 
minDistance: 27.1
cost: 94295
capacity: 77538
time: 42079
maxTime: 60000
LS1: 281114/294352
LS2: 5600/13238
LS3: 0/0
shakeIters: 7617
shakeLoops: 758
