19.2:37 20.2:74 21.2:117 22.1:125 22.8:141 23.4:238 24:266 25:349 25.4:388 25.9:2438 26:25228 26.8:25302 26.9:25583 
492 197 191 311 373 276 397 267 446 88 184 81 161 61 227 155 324 202 170 149 330 44 69 299 333 127 368 473 116 415 499 87 93 180 498 372 228 126 417 262 158 494 119 367 351 394 287 150 54 194 434 322 77 326 354 357 68 453 298 131 121 50 178 238 156 78 130 291 463 104 395 332 136 360 451 234 265 348 466 229 52 190 407 143 36 485 435 390 11 336 49 339 83 317 42 280 160 247 209 255 148 418 288 319 182 410 128 230 379 4 
minDistance: 26.9
cost: 95516
capacity: 77468
time: 25583
maxTime: 60000
LS1: 294708/307594
LS2: 4253/12886
LS3: 0/0
shakeIters: 8615
shakeLoops: 858
