8.1:140 8.2:878 8.3:1325 
178 233 490 214 33 215 269 412 408 344 255 17 35 160 243 1 253 458 472 7 403 239 292 34 400 364 217 235 330 40 258 380 139 131 237 432 500 473 56 478 487 80 421 43 262 71 346 457 119 111 159 350 210 190 27 120 354 322 375 399 234 294 365 441 55 419 296 181 216 143 227 268 272 192 112 460 163 304 93 339 108 386 70 4 207 147 104 301 437 261 317 418 414 276 180 113 64 89 130 307 209 410 390 109 171 392 396 452 488 241 
minDistance: 8.3
cost: 93148
capacity: 73038
time: 1325
maxTime: 60000
LS1: 157272/165141
LS2: 2420/7869
LS3: 0/0
shakeIters: 5434
shakeLoops: 540
