8.1:173 8.2:943 8.3:8526 
237 419 356 396 405 150 239 145 390 368 307 432 452 330 364 217 33 70 109 408 98 301 253 209 235 399 207 119 147 131 171 233 17 71 415 458 104 117 127 354 439 34 467 215 478 366 418 43 412 139 414 27 490 174 234 474 55 89 346 7 262 40 357 365 392 309 112 386 48 279 111 410 192 400 178 163 472 56 120 403 363 261 296 74 149 442 272 500 350 473 241 255 214 375 268 14 90 93 317 177 258 181 421 304 159 460 3 227 1 210 
minDistance: 8.3
cost: 93233
capacity: 73025
time: 8526
maxTime: 60000
LS1: 157743/166168
LS2: 3049/8425
LS3: 0/0
shakeIters: 5363
shakeLoops: 533
