7.8:108 7.9:175 8.1:549 8.2:1607 8.3:4455 
418 215 192 181 414 399 350 234 392 237 163 400 1 380 17 268 403 70 304 113 344 7 283 307 276 279 478 131 415 462 160 35 59 390 241 145 109 64 368 71 432 187 216 227 27 452 500 89 207 386 294 174 485 210 111 365 412 93 119 473 381 159 472 43 442 301 69 255 235 190 243 419 104 482 490 262 408 134 308 55 375 317 33 460 167 346 441 239 127 330 363 171 296 437 410 139 155 4 258 34 195 487 214 142 339 233 40 80 147 272 56 90 457 
minDistance: 8.3
cost: 92566
capacity: 73086
time: 4455
maxTime: 60000
LS1: 158981/167733
LS2: 3407/8752
LS3: 0/0
shakeIters: 5329
shakeLoops: 529
