8.1:166 8.2:925 8.3:2697 
147 113 47 301 239 478 55 238 120 4 235 210 490 419 181 209 458 134 473 462 399 90 354 215 109 214 408 296 460 160 381 255 279 482 167 294 142 1 442 415 410 174 432 111 234 268 195 307 64 380 437 258 71 272 127 386 89 392 253 163 350 27 70 414 412 317 334 276 487 69 104 390 207 472 131 93 237 304 403 117 17 40 7 43 400 368 500 145 3 34 56 119 139 33 330 357 441 261 396 171 159 227 192 457 363 467 243 241 346 365 339 190 452 
minDistance: 8.3
cost: 93085
capacity: 73100
time: 2697
maxTime: 60000
LS1: 140746/148337
LS2: 2978/7591
LS3: 0/0
shakeIters: 4602
shakeLoops: 457
