8.1:203 8.2:1038 8.3:1544 
381 177 473 70 109 47 464 237 482 392 131 195 235 414 490 16 339 293 69 117 386 356 159 442 111 380 410 330 368 403 468 500 119 216 452 27 147 396 209 34 346 120 279 458 207 192 487 268 472 365 399 354 89 239 457 90 56 432 190 272 350 43 171 349 400 33 139 294 40 3 130 307 296 300 255 71 241 167 441 7 163 227 390 238 405 181 408 253 415 148 258 357 215 210 174 214 145 310 326 217 460 104 317 301 55 334 1 
minDistance: 8.3
cost: 92074
capacity: 73030
time: 1544
maxTime: 60000
LS1: 145179/152484
LS2: 2214/7305
LS3: 0/0
shakeIters: 5078
shakeLoops: 504
