7.8:74 8.1:162 8.2:570 8.3:670 
207 241 279 365 67 272 131 317 48 64 181 253 467 113 255 145 104 178 4 330 346 210 452 141 168 344 415 127 117 457 215 490 235 147 89 368 392 245 90 357 364 354 386 399 366 268 296 301 258 432 74 119 304 396 111 139 143 16 109 262 234 233 412 460 163 120 192 40 3 403 149 405 1 55 410 227 237 171 33 458 51 39 7 56 419 430 439 441 112 400 239 97 96 71 261 421 474 478 159 209 473 43 390 309 375 350 479 34 160 177 
minDistance: 8.3
cost: 93320
capacity: 73073
time: 670
maxTime: 60000
LS1: 167928/176649
LS2: 3086/8721
LS3: 0/0
shakeIters: 5622
shakeLoops: 560
