8.1:195 8.2:847 8.3:1445 
127 71 235 192 234 171 210 403 209 346 399 190 207 457 301 64 117 119 262 330 163 239 350 159 69 111 47 442 241 296 134 258 381 272 276 131 472 467 55 215 174 309 339 253 419 408 354 473 279 59 478 109 460 410 195 145 414 35 7 27 130 255 155 432 139 34 307 317 363 500 33 238 142 70 452 227 40 113 138 462 56 490 268 80 43 104 415 181 441 344 89 482 120 93 386 437 304 214 283 74 365 300 167 160 17 412 147 318 237 1 390 294 439 90 400 
minDistance: 8.3
cost: 93358
capacity: 73034
time: 1445
maxTime: 60000
LS1: 132823/140252
LS2: 3269/7429
LS3: 0/0
shakeIters: 4142
shakeLoops: 411
