7.9:106 8:172 8.1:265 8.2:1269 8.3:6403 
430 387 317 43 181 421 381 474 396 227 400 405 295 438 344 479 301 4 210 56 139 258 350 467 163 296 412 375 408 131 109 472 294 419 7 89 363 460 397 457 269 71 473 243 215 40 415 268 302 330 233 64 368 130 428 322 452 113 108 111 337 432 55 177 410 192 389 147 458 346 380 272 500 237 239 354 205 441 487 235 207 110 462 490 241 180 117 464 119 304 104 209 364 120 279 78 33 171 386 403 261 357 17 262 281 308 234 160 3 1 390 365 90 93 414 339 34 
minDistance: 8.3
cost: 92879
capacity: 73027
time: 6403
maxTime: 60000
LS1: 148904/156951
LS2: 3212/8047
LS3: 0/0
shakeIters: 4819
shakeLoops: 478
