8.1:236 8.2:2076 8.3:4681 
33 472 368 460 380 350 394 346 337 428 234 389 410 258 174 400 215 16 163 344 225 414 171 7 473 138 78 301 415 56 227 309 34 261 317 90 192 467 89 109 295 4 302 310 145 359 457 432 464 181 294 177 207 490 365 279 235 40 405 500 386 130 339 474 210 419 104 320 168 397 326 412 55 205 357 441 112 195 3 71 430 1 390 354 43 111 241 452 120 479 134 375 281 113 462 363 330 396 233 272 131 296 262 377 147 257 27 403 393 231 408 18 438 387 268 64 269 17 421 178 239 
minDistance: 8.3
cost: 92586
capacity: 73017
time: 4681
maxTime: 60000
LS1: 142426/149593
LS2: 3178/7167
LS3: 0/0
shakeIters: 3979
shakeLoops: 395
