8.1:165 8.2:1063 8.3:1240 
238 390 48 56 500 408 234 472 397 70 309 428 301 111 258 405 457 214 241 3 190 181 147 192 14 113 304 403 239 350 235 261 174 112 253 410 296 482 237 473 7 207 386 128 43 452 159 330 365 93 78 178 163 441 268 414 104 227 215 317 89 55 344 33 458 346 418 490 90 364 127 17 462 366 262 131 64 368 400 71 210 142 119 120 1 272 453 442 40 139 279 363 145 439 375 74 337 27 243 357 467 396 432 415 307 419 478 339 209 34 171 460 294 412 354 109 
minDistance: 8.3
cost: 93055
capacity: 73148
time: 1240
maxTime: 60000
LS1: 157067/165515
LS2: 3376/8448
LS3: 0/0
shakeIters: 5059
shakeLoops: 503
