8:98 8.1:200 8.2:327 8.3:825 
294 477 458 40 195 464 473 33 145 174 418 55 238 119 415 400 71 381 209 159 131 258 330 7 120 69 350 295 487 241 80 337 317 192 397 308 500 272 410 363 390 472 163 432 243 78 147 354 210 190 300 482 471 177 56 215 17 478 301 339 462 197 34 227 442 171 160 43 414 113 405 428 216 139 70 296 408 89 214 380 207 90 235 277 262 375 412 344 148 304 237 239 441 396 349 460 457 452 346 368 365 27 93 403 127 155 490 167 269 181 111 1 268 386 307 134 165 117 109 104 
minDistance: 8.3
cost: 92315
capacity: 73064
time: 825
maxTime: 60000
LS1: 127761/135972
LS2: 4329/8211
LS3: 0/0
shakeIters: 3861
shakeLoops: 382
