7.8:69 8.1:268 8.2:837 8.3:1141 
397 400 174 40 163 138 69 145 380 104 241 216 190 330 33 269 344 317 378 90 418 197 262 452 168 307 428 412 473 148 238 295 120 17 215 34 472 195 131 482 177 71 130 111 301 181 7 337 272 227 27 462 139 350 296 277 403 80 127 258 210 109 375 155 1 460 500 386 56 134 147 396 171 363 38 346 430 365 43 349 159 487 368 207 410 442 432 490 457 209 89 113 415 35 354 283 389 192 55 441 237 479 239 414 160 408 167 268 304 119 78 276 339 117 93 381 235 308 165 471 294 
minDistance: 8.3
cost: 92443
capacity: 73059
time: 1141
maxTime: 60000
LS1: 127017/135032
LS2: 4121/8015
LS3: 0/0
shakeIters: 3883
shakeLoops: 386
