8.1:260 8.2:524 8.3:784 
205 490 272 365 192 56 214 119 234 235 134 233 308 4 472 195 309 139 104 473 70 447 181 33 217 40 210 71 215 258 500 207 390 147 441 363 399 344 467 120 61 34 350 432 279 90 237 159 109 296 408 261 3 400 1 276 239 55 392 241 43 380 457 93 307 64 293 458 437 145 354 452 368 227 386 255 310 301 89 418 7 48 113 410 330 190 381 171 468 375 117 160 294 403 111 460 131 268 174 421 415 167 317 414 396 419 163 357 334 
minDistance: 8.3
cost: 93324
capacity: 73020
time: 784
maxTime: 60000
LS1: 168590/176968
LS2: 2323/8378
LS3: 0/0
shakeIters: 6044
shakeLoops: 602
