4.7:11 5.1:90 8.4:146 8.5:151 10.6:175 10.7:196 10.9:205 11.2:434 
59 169 40 32 433 91 335 245 337 263 115 114 117 279 299 371 478 277 370 445 205 197 7 56 290 178 282 454 323 67 231 107 152 119 143 313 379 399 350 316 422 162 51 140 109 147 265 500 425 195 202 320 469 416 60 346 402 110 476 274 171 437 28 258 95 401 334 52 305 166 204 278 185 66 491 26 392 312 136 129 14 15 168 244 241 118 151 122 236 426 134 253 53 442 427 194 286 206 383 41 145 127 79 412 64 347 54 273 264 191 201 387 400 61 261 268 377 228 104 230 112 436 460 5 373 182 
minDistance: 11.2
cost: 60071
capacity: 73511
time: 434
maxTime: 60000
LS1: 64950/83513
LS2: 9177/18563
LS3: 0/0
shakeIters: 9377
shakeLoops: 935
