3.7:11 4.2:21 4.7:31 5.6:44 8.4:65 9.2:82 9.4:99 9.5:116 9.7:265 9.8:281 10.1:608 10.2:904 10.7:1033 11:1056 11.2:2513 
296 205 140 383 416 279 425 454 312 168 273 136 478 169 129 182 115 107 347 127 231 491 445 268 373 60 346 265 194 119 323 282 195 11 7 110 429 297 117 52 54 277 32 264 178 469 91 26 191 291 316 166 202 402 335 244 401 67 406 53 145 147 290 104 241 56 28 44 426 200 185 334 51 183 337 122 412 114 201 141 305 228 379 155 112 41 16 61 130 143 442 450 64 258 118 204 171 261 350 358 5 320 437 433 286 400 66 399 387 263 476 14 95 436 152 496 245 224 
minDistance: 11.2
cost: 60076
capacity: 73528
time: 2513
maxTime: 60000
LS1: 58220/75883
LS2: 7370/17663
LS3: 0/0
shakeIters: 10276
shakeLoops: 1024
