1:5 4.7:30 5.1:43 6.7:109 7.1:172 8.4:198 11:400 11.2:1749 
61 40 185 51 264 17 32 496 334 7 372 118 279 11 305 373 166 433 290 145 191 122 500 178 140 230 277 426 53 337 273 114 416 136 422 119 110 206 335 454 15 350 54 469 152 478 445 405 168 263 460 371 347 265 141 112 169 245 180 64 117 429 401 201 143 182 268 14 147 155 107 194 316 231 127 95 297 282 323 442 402 26 60 204 346 437 387 379 195 67 241 476 205 66 228 383 115 244 171 312 202 104 91 313 5 412 399 406 261 491 56 400 286 28 274 129 258 41 425 52 151 
minDistance: 11.2
cost: 60076
capacity: 73512
time: 1749
maxTime: 60000
LS1: 62413/80494
LS2: 8332/18081
LS3: 0/0
shakeIters: 9740
shakeLoops: 971
