4.7:10 8.4:63 8.5:69 9.5:176 10.7:479 11:1366 11.2:9387 
81 51 241 401 416 433 228 194 313 273 454 109 21 452 496 40 455 143 60 290 91 334 169 279 274 437 61 328 14 185 277 305 278 136 458 117 320 460 335 205 112 469 56 135 286 442 5 427 54 436 425 236 312 316 152 244 224 32 253 445 478 122 421 412 115 28 261 11 197 201 373 367 53 263 110 26 151 95 7 200 231 127 347 476 265 388 370 450 134 264 337 66 350 182 245 402 41 268 406 114 230 204 400 387 67 346 64 258 178 191 202 52 147 426 171 168 422 166 118 195 180 379 129 399 140 215 383 119 282 
minDistance: 11.2
cost: 60075
capacity: 73523
time: 9387
maxTime: 60000
LS1: 62783/81515
LS2: 9848/18732
LS3: 0/0
shakeIters: 8877
shakeLoops: 886
