4.7:17 5.1:27 5.9:62 6:597 7.1:670 8:688 8.4:710 8.5:1108 9.8:1118 10.1:1332 10.2:1342 11:1353 11.2:2911 
140 54 286 215 52 313 346 117 7 383 261 53 370 112 14 182 5 279 114 371 110 204 206 195 244 122 51 66 118 258 61 323 41 312 143 56 373 191 268 185 67 134 442 11 425 64 180 169 320 364 230 147 194 273 433 166 334 337 399 454 168 277 26 127 412 476 274 427 201 115 129 197 104 32 290 183 60 200 15 95 316 152 136 305 422 445 81 426 202 253 264 228 171 265 350 263 436 231 416 367 402 401 335 278 96 360 478 28 119 469 437 241 282 387 178 347 379 23 333 91 
minDistance: 11.2
cost: 60055
capacity: 73529
time: 2911
maxTime: 60000
LS1: 53778/71353
LS2: 7243/17575
LS3: 0/0
shakeIters: 10318
shakeLoops: 1029
