5.1:9 5.9:167 7.1:200 8.4:327 8.5:343 9.7:376 10.6:389 11:457 11.2:642 
110 129 147 5 399 28 433 425 429 202 401 200 169 67 469 383 277 274 412 253 228 11 286 334 377 265 312 236 118 168 282 155 315 71 166 244 204 115 114 379 346 335 224 182 95 178 261 61 437 279 91 51 313 53 263 422 316 347 7 387 426 54 127 241 64 373 323 136 140 112 333 258 445 350 14 337 264 41 69 436 60 52 205 454 119 104 107 32 122 194 26 427 171 162 476 290 358 273 320 191 145 442 364 195 36 416 180 402 185 143 152 491 117 478 230 56 305 291 201 268 231 
minDistance: 11.2
cost: 60068
capacity: 73510
time: 642
maxTime: 60000
LS1: 63560/81693
LS2: 8449/18133
LS3: 0/0
shakeIters: 9674
shakeLoops: 965
