3.2:13 4.2:39 4.6:68 4.7:73 5.1:126 5.9:210 6.3:277 7.8:362 8.5:505 8.9:521 10.1:617 10.3:1515 10.6:2124 10.7:2140 11:2275 11.2:2863 
373 52 54 166 127 406 215 290 337 478 323 140 278 5 282 230 279 169 399 32 188 56 328 14 118 416 66 182 129 377 425 264 372 171 265 350 312 191 185 107 51 224 200 286 91 277 433 204 436 205 442 178 437 454 26 334 202 426 315 273 136 412 53 333 305 201 95 422 379 367 64 268 411 134 61 460 231 299 110 241 195 180 335 383 194 115 60 253 370 364 387 143 401 244 245 28 44 258 316 112 405 445 228 346 313 122 168 114 402 147 81 261 427 152 347 117 119 41 7 263 469 476 
minDistance: 11.2
cost: 60079
capacity: 73516
time: 2863
maxTime: 60000
LS1: 55573/73161
LS2: 7707/17588
LS3: 0/0
shakeIters: 9862
shakeLoops: 983
