4.2:7 8.4:25 9.8:32 11:111 11.2:394 
268 119 136 278 127 454 7 261 425 129 152 469 241 279 253 445 286 5 350 433 28 360 195 401 91 95 215 424 52 61 383 406 372 166 14 436 162 51 140 299 202 200 194 290 437 53 104 171 412 313 337 32 145 334 228 114 265 26 426 169 182 387 399 221 273 180 230 110 117 315 427 23 231 178 185 60 450 476 67 54 204 64 491 347 191 277 11 370 245 496 335 316 422 478 258 224 143 244 346 263 312 416 264 147 122 41 493 282 373 442 274 201 118 379 333 107 323 115 66 402 134 197 305 56 405 
minDistance: 11.2
cost: 60075
capacity: 73512
time: 394
maxTime: 60000
LS1: 59242/77993
LS2: 9364/18751
LS3: 0/0
shakeIters: 9381
shakeLoops: 937
