4.7:11 6.9:22 7.1:56 7.8:74 8.4:115 9.7:203 9.8:290 10.1:730 10.2:983 11:1220 11.2:1680 
118 261 411 60 134 241 416 491 230 191 425 377 143 28 312 122 358 178 41 112 169 32 426 56 346 370 171 279 433 387 412 383 202 347 15 206 268 115 185 402 52 273 335 180 406 445 117 400 95 215 316 66 228 315 114 334 119 437 145 91 379 286 323 442 14 277 282 436 64 129 140 258 265 61 204 373 51 53 159 476 7 305 337 5 244 401 399 201 350 427 147 136 320 290 263 264 104 110 200 253 478 194 69 166 26 422 182 454 195 54 152 313 107 127 168 469 
minDistance: 11.2
cost: 60071
capacity: 73537
time: 1680
maxTime: 60000
LS1: 61773/78917
LS2: 6465/17144
LS3: 0/0
shakeIters: 10667
shakeLoops: 1064
