20.2:52 20.4:74 21.2:94 21.3:155 23.7:218 24:225 24.4:248 24.5:340 25:349 25.1:366 25.4:373 25.5:379 25.9:783 26:869 26.1:1223 26.2:1592 26.8:1759 27.2:57771 
268 411 344 338 422 233 488 430 154 232 195 399 186 274 171 351 137 119 156 51 474 442 82 219 230 271 110 397 347 174 251 261 500 412 272 303 467 320 365 70 423 58 25 62 401 386 358 418 165 490 49 355 486 279 343 348 429 470 129 335 52 194 377 328 126 364 148 287 345 5 241 264 160 359 42 493 222 385 481 164 53 37 19 26 45 433 38 63 473 185 292 487 57 91 47 121 77 301 32 293 118 202 450 306 209 499 368 206 18 269 291 89 
minDistance: 27.2
cost: 88717
capacity: 73517
time: 57771
maxTime: 60000
LS1: 295060/308685
LS2: 5416/13625
LS3: 0/0
shakeIters: 8191
shakeLoops: 815
