20.1:67 21.3:83 22:99 23.2:176 24.1:194 24.4:223 25.4:238 25.7:1455 25.9:1528 26:2036 26.4:4752 27.1:5169 27.2:5230 28:5237 28.1:55804 
484 377 488 261 343 57 171 234 464 368 154 450 442 268 91 136 462 209 380 64 395 140 195 244 7 271 301 185 212 62 399 26 45 335 231 165 80 499 260 178 242 306 222 266 121 37 58 130 355 223 38 202 485 32 259 384 264 106 141 211 233 433 164 194 272 147 307 487 360 19 215 323 294 318 437 490 449 451 278 179 148 328 25 251 262 52 118 351 443 345 375 241 493 70 274 393 344 411 300 385 180 156 129 44 467 
minDistance: 28.1
cost: 90063
capacity: 73587
time: 55804
maxTime: 60000
LS1: 326088/339812
LS2: 3184/13724
LS3: 0/0
shakeIters: 10522
shakeLoops: 1048
