20.2:45 21.1:54 21.9:66 23.4:129 23.5:170 24:193 24.4:212 24.5:304 25:311 25.4:338 25.9:6551 26:11251 26.2:11277 26.5:11372 26.6:11465 26.9:15581 
348 35 399 347 156 51 401 373 396 261 25 186 430 91 137 62 293 358 397 151 189 371 5 365 47 31 423 171 499 126 462 412 116 61 451 455 445 185 359 498 209 44 372 118 487 418 480 8 429 474 121 211 344 32 233 328 388 260 323 470 368 26 364 164 274 312 306 194 223 427 411 362 355 327 96 168 222 195 99 286 134 386 7 19 422 442 271 212 232 264 37 38 241 57 129 346 450 377 493 473 488 230 127 490 433 174 345 343 263 69 77 202 308 
minDistance: 26.9
cost: 88518
capacity: 73594
time: 15581
maxTime: 60000
LS1: 287043/301406
LS2: 6631/14363
LS3: 0/0
shakeIters: 7713
shakeLoops: 768
