19.9:53 21.2:86 21.9:162 22.7:233 23.2:261 23.4:723 23.7:749 24.9:828 25:924 26.1:941 26.6:6181 26.8:8401 27.6:8651 27.8:13227 27.9:13636 28.3:14016 28.7:47377 28.8:47455 28.9:48056 
110 234 486 206 209 274 69 448 38 238 450 368 386 343 231 173 301 498 355 312 306 411 455 56 262 45 194 89 251 126 26 222 106 226 396 20 302 487 35 25 337 53 91 485 473 264 19 174 164 488 185 442 351 297 412 385 104 490 52 399 151 232 215 57 338 119 423 130 64 344 186 433 347 121 58 418 77 32 17 261 155 203 481 51 365 474 30 37 129 154 462 377 148 118 372 273 171 63 42 93 156 116 212 499 294 165 95 62 233 
minDistance: 28.9
cost: 89239
capacity: 73537
time: 48056
maxTime: 60000
LS1: 309299/323512
LS2: 5736/14213
LS3: 0/0
shakeIters: 8456
shakeLoops: 841
