20.8:54 21.1:74 21.4:111 23.2:212 23.4:224 25.1:250 25.4:268 25.9:575 26.3:1905 26.9:3918 27.1:5391 28:5397 28.3:17654 
437 318 274 202 148 294 380 484 471 493 399 306 368 320 442 264 464 242 351 18 377 121 30 467 310 328 469 160 450 273 282 19 49 118 32 176 278 52 64 343 222 154 231 488 335 433 8 355 261 212 396 119 369 194 57 392 271 490 344 206 411 268 136 353 62 360 126 303 110 156 485 140 209 449 106 26 371 45 323 7 91 185 241 283 263 307 418 164 129 25 262 80 44 462 492 385 180 266 58 286 130 171 204 38 435 302 232 179 233 284 
minDistance: 28.3
cost: 89751
capacity: 73523
time: 17654
maxTime: 60000
LS1: 314063/328103
LS2: 5287/14040
LS3: 0/0
shakeIters: 8739
shakeLoops: 872
