13.4:10 20.7:70 21:84 21.2:95 21.9:123 22:137 22.1:159 22.4:183 23.9:198 24.1:285 25:290 25.1:457 25.4:467 25.9:727 26:1054 26.3:1224 26.4:3779 26.8:5173 26.9:5418 28:11216 
136 260 451 307 487 393 271 343 241 384 385 462 121 418 266 154 283 471 107 49 209 263 17 141 185 464 318 58 467 19 490 8 42 306 303 164 442 38 84 165 433 355 449 351 264 194 411 484 202 399 233 186 461 80 386 212 52 469 129 206 358 242 171 160 344 302 368 485 437 231 328 473 488 179 222 450 273 118 44 25 57 335 26 130 28 148 261 380 64 140 405 37 187 262 268 320 15 493 45 286 32 274 396 91 282 106 30 
minDistance: 28
cost: 88863
capacity: 73530
time: 11216
maxTime: 60000
LS1: 340303/353662
LS2: 3674/13359
LS3: 0/0
shakeIters: 9663
shakeLoops: 963
