20.2:50 21.2:87 22:104 25.4:152 25.9:297 26:1300 26.1:3443 26.7:4163 26.8:32121 
35 58 222 264 39 445 130 116 411 471 77 171 355 215 45 312 462 203 164 271 80 30 393 273 338 53 343 52 301 129 286 433 28 499 121 437 38 223 64 234 487 209 57 179 25 141 37 442 106 140 262 401 461 396 481 103 69 126 32 233 473 26 482 451 212 344 241 337 186 386 120 194 17 261 93 91 185 490 154 227 346 15 488 368 51 118 20 211 331 306 145 399 95 385 274 365 480 160 174 107 450 84 418 104 302 19 
minDistance: 26.8
cost: 89851
capacity: 73656
time: 32121
maxTime: 60000
LS1: 324932/338738
LS2: 4188/13806
LS3: 0/0
shakeIters: 9605
shakeLoops: 957
