22.4:49 24.4:74 24.8:116 25:254 25.3:366 25.4:373 25.7:382 25.9:2340 26.1:2585 26.8:2934 
345 31 358 480 328 272 242 110 251 300 484 32 493 130 302 241 154 264 96 335 277 371 385 263 230 148 355 418 21 25 126 18 346 449 10 212 318 499 306 37 118 57 437 160 455 231 222 180 121 380 271 185 152 487 200 472 411 129 348 450 8 164 227 279 482 338 377 433 292 442 481 451 58 393 274 320 206 52 204 53 452 399 485 233 357 268 19 77 488 209 202 137 147 294 207 467 38 98 194 26 360 474 91 490 62 215 178 327 423 195 373 286 
minDistance: 26.8
cost: 89990
capacity: 73584
time: 2934
maxTime: 60000
LS1: 308031/321988
LS2: 5276/13957
LS3: 0/0
shakeIters: 8671
shakeLoops: 865
