20.5:45 22.8:72 23.2:83 24.4:118 24.5:182 25.8:352 25.9:573 26.1:1588 26.8:1687 27:2433 27.1:3549 27.2:12171 27.3:40139 27.6:40527 27.8:41623 28:42867 28.1:52587 
141 262 57 231 136 178 273 467 15 5 328 307 356 106 335 484 17 422 384 264 32 118 355 310 154 165 487 433 19 368 209 470 164 52 493 300 211 343 464 490 233 45 202 385 411 147 121 260 116 483 347 174 38 399 127 293 345 306 223 234 198 266 64 212 380 485 449 222 160 412 486 442 140 129 47 70 58 244 488 25 37 156 297 272 185 44 462 91 351 451 377 499 337 80 62 173 26 472 194 274 344 278 171 68 
minDistance: 28.1
cost: 89405
capacity: 73511
time: 52587
maxTime: 60000
LS1: 317446/331339
LS2: 4415/13893
LS3: 0/0
shakeIters: 9459
shakeLoops: 941
