20.7:72 20.8:88 21.1:112 21.4:196 21.7:215 21.9:224 22.1:233 24.2:248 24.5:256 24.9:418 25:588 25.2:1351 25.4:1489 25.9:1562 26:1689 26.1:2068 26.7:12067 
268 211 478 347 26 429 419 118 449 437 195 58 448 52 462 363 284 225 25 261 393 32 454 80 442 107 464 306 44 129 182 285 93 339 199 443 377 207 212 8 147 7 286 348 189 450 399 360 498 185 451 488 355 364 368 418 194 176 148 209 233 28 151 345 396 136 266 110 430 323 271 371 445 386 108 19 241 344 137 303 91 222 359 57 227 351 174 388 413 117 433 283 343 126 121 353 411 204 251 307 328 69 45 263 81 274 51 
minDistance: 26.7
cost: 88441
capacity: 73606
time: 12067
maxTime: 60000
LS1: 339782/353496
LS2: 4058/13714
LS3: 0/0
shakeIters: 9636
shakeLoops: 961
