15.7:21 21.9:79 22:166 24:191 25.1:325 25.4:346 25.9:365 26.1:554 26.2:660 26.7:665 26.9:687 27.2:5666 27.3:5760 27.9:6156 28.3:10603 28.6:10872 28.7:11343 28.8:14329 
70 90 433 241 126 37 136 257 160 25 282 488 186 77 130 171 17 486 57 363 168 337 345 262 347 377 272 411 8 234 99 450 203 301 26 458 189 312 185 365 386 19 500 231 261 63 64 169 121 412 223 222 302 274 306 212 156 129 351 28 38 368 53 107 92 140 499 372 202 211 273 427 45 336 344 91 194 487 110 32 338 473 30 69 485 328 355 467 118 303 209 148 174 418 343 399 106 268 15 230 493 165 264 51 462 409 358 442 
minDistance: 28.8
cost: 88188
capacity: 73515
time: 14329
maxTime: 60000
LS1: 317008/330637
LS2: 4498/13629
LS3: 0/0
shakeIters: 9108
shakeLoops: 908
