17.6:35 18.3:57 20.5:164 20.7:177 21:187 21.3:213 22:226 22.7:283 23.5:312 24.5:349 24.9:409 25.4:421 25.6:1040 25.9:1065 26:7117 26.2:7565 26.3:7775 26.4:7934 26.9:7963 27.2:9862 28.1:10963 28.3:13160 28.9:38775 
293 335 422 141 168 219 11 490 18 186 467 32 119 126 140 301 313 231 15 385 412 25 121 174 58 365 136 148 222 45 160 19 91 241 234 356 344 262 303 164 464 37 151 348 355 154 364 488 442 171 470 274 473 185 195 307 47 26 399 282 443 499 209 430 118 500 462 264 194 368 8 486 351 57 62 487 343 312 233 260 211 156 89 493 268 51 38 347 42 429 212 386 165 261 52 129 306 396 377 433 411 418 345 106 80 328 202 5 
minDistance: 28.9
cost: 89905
capacity: 73510
time: 38775
maxTime: 60000
LS1: 302014/315646
LS2: 4644/13632
LS3: 0/0
shakeIters: 8961
shakeLoops: 891
