4.9:5 6.7:33 6.8:73 6.9:13826 
163 429 339 344 88 433 292 178 268 452 69 192 444 24 470 73 165 477 22 414 51 381 81 62 227 174 223 126 458 280 68 151 459 186 323 44 99 244 15 207 226 40 471 257 182 82 159 111 114 285 221 346 185 377 326 462 411 157 183 375 1 125 457 334 55 474 71 428 430 404 320 198 202 33 26 389 425 13 279 148 39 362 262 104 203 489 176 205 109 216 415 482 397 310 469 222 386 330 220 89 309 181 343 103 453 180 412 300 10 465 7 106 438 237 240 128 239 439 86 250 255 232 318 476 454 168 299 360 14 76 65 496 108 152 403 124 248 132 49 275 45 
minDistance: 6.9
cost: 62192
capacity: 73017
time: 13826
maxTime: 60000
LS1: 51046/64647
LS2: 8330/13601
LS3: 0/0
shakeIters: 5264
shakeLoops: 525
