5.1:11 6.3:66 6.4:90 6.8:180 6.9:719 
202 71 203 24 381 140 67 375 275 39 421 360 238 44 65 227 182 124 7 103 430 89 104 22 86 339 377 346 40 108 220 474 225 424 455 279 73 334 221 165 99 26 403 168 296 41 176 33 244 159 181 14 5 425 336 76 454 268 216 222 68 411 309 56 389 320 128 378 151 1 428 223 397 248 132 178 435 13 183 310 414 82 62 43 70 205 53 55 114 386 299 465 240 482 15 433 237 106 415 457 354 452 496 330 69 285 453 444 459 180 109 81 186 429 49 51 362 192 257 438 280 476 477 343 292 148 80 142 185 470 412 416 207 174 262 323 326 300 468 45 125 
minDistance: 6.9
cost: 62210
capacity: 73044
time: 719
maxTime: 60000
LS1: 51349/64654
LS2: 7033/13305
LS3: 0/0
shakeIters: 6259
shakeLoops: 623
