5.1:12 6.7:118 6.8:179 6.9:10064 
354 39 424 80 40 474 377 444 457 73 89 45 151 51 454 227 55 414 53 86 299 181 207 221 10 186 300 477 397 126 421 285 390 24 495 320 339 124 176 7 292 178 482 70 114 203 13 159 142 244 459 81 309 496 262 69 223 334 202 216 76 15 468 476 296 237 1 109 125 375 465 381 470 192 222 148 240 430 438 453 275 323 180 82 389 310 410 248 62 128 111 205 362 412 279 104 439 168 183 415 462 428 280 185 44 386 452 71 174 220 65 26 225 429 103 268 326 99 106 489 108 425 257 43 68 22 33 367 182 403 14 343 344 
minDistance: 6.9
cost: 62234
capacity: 73014
time: 10064
maxTime: 60000
LS1: 46863/59825
LS2: 6283/12962
LS3: 0/0
shakeIters: 6671
shakeLoops: 664
