6.4:32 6.7:124 6.8:194 6.9:1068 
55 416 237 10 462 39 386 425 275 207 22 140 174 221 412 248 15 346 125 71 336 202 279 240 320 82 300 285 323 44 183 470 397 203 334 343 13 76 181 339 186 453 176 99 244 5 53 26 151 444 292 69 62 68 435 1 163 309 142 148 442 439 40 452 474 192 375 114 216 222 168 225 390 477 318 65 257 24 468 424 180 7 381 182 299 250 81 414 429 80 33 164 45 326 268 430 296 465 239 70 362 389 496 489 457 377 159 124 422 262 227 403 428 459 106 103 454 205 178 223 14 89 476 73 482 220 109 108 367 330 128 104 433 233 86 51 
minDistance: 6.9
cost: 62214
capacity: 73064
time: 1068
maxTime: 60000
LS1: 48258/60711
LS2: 6048/12453
LS3: 0/0
shakeIters: 6396
shakeLoops: 638
