5.1:11 6.7:67 6.8:119 6.9:1590 
82 389 459 73 482 99 237 181 220 444 180 55 183 15 468 174 326 157 163 323 386 176 148 244 310 227 454 168 68 103 56 124 140 26 222 43 49 336 223 159 430 113 151 106 109 275 345 257 192 421 381 216 363 428 71 309 205 178 33 292 375 262 343 248 320 433 334 403 362 415 53 221 41 346 424 455 360 412 225 476 114 429 44 39 186 128 203 452 89 182 474 477 202 126 397 81 299 51 125 410 489 438 470 414 339 377 1 7 185 40 45 439 86 496 330 240 457 80 279 69 285 142 268 374 462 165 207 404 65 22 104 453 354 465 425 300 24 76 14 108 
minDistance: 6.9
cost: 62194
capacity: 73024
time: 1590
maxTime: 60000
LS1: 47106/59538
LS2: 6393/12432
LS3: 0/0
shakeIters: 6032
shakeLoops: 601
