6.7:63 6.8:283 6.9:920 
45 182 220 44 280 474 7 70 444 202 410 26 292 244 148 140 470 300 159 496 462 362 482 176 459 412 51 428 468 58 377 186 438 458 330 10 433 222 195 180 205 168 192 429 216 67 40 375 323 76 221 296 207 86 386 261 151 343 1 73 389 237 381 411 65 267 262 109 425 397 275 476 43 336 178 309 104 125 279 223 81 114 71 103 53 457 55 124 257 128 24 240 82 310 14 183 465 430 248 424 339 477 181 346 132 454 69 62 299 489 334 33 89 268 285 68 106 80 174 326 320 22 39 414 41 15 452 439 453 415 421 403 49 108 354 
minDistance: 6.9
cost: 62239
capacity: 73021
time: 920
maxTime: 60000
LS1: 46707/59643
LS2: 6709/12936
LS3: 0/0
shakeIters: 6222
shakeLoops: 620
