17.6:27 20.1:37 20.9:43 21.4:49 22.6:339 22.8:345 23:474 23.3:1297 23.4:4800 24.1:6509 24.8:6524 25.2:33544 25.9:37855 26.3:39970 26.7:41931 26.8:42527 26.9:51391 
85 31 180 105 33 43 441 82 362 392 273 422 494 320 66 134 227 476 490 111 165 278 264 145 219 299 210 341 286 166 250 159 234 445 253 133 26 359 495 316 288 386 332 500 32 432 139 203 114 336 391 42 228 46 15 309 313 8 387 73 53 36 93 456 471 440 365 96 29 444 164 465 144 346 351 399 382 436 77 251 225 30 360 48 483 370 291 146 363 9 367 121 200 426 135 472 280 388 321 137 84 155 437 304 233 237 374 141 140 41 89 224 
minDistance: 26.9
cost: 95430
capacity: 77760
time: 51391
maxTime: 60000
LS1: 297571/310660
LS2: 3948/13089
LS3: 0/0
shakeIters: 9122
shakeLoops: 910
