20.7:37 21.1:139 21.7:438 22.2:560 22.4:568 23.1:1017 23.3:1041 23.4:1449 23.9:1563 24:1578 24.1:1603 24.6:1706 24.8:1933 25.2:2012 25.8:2110 25.9:2129 26:3588 26.3:10580 26.9:46319 
173 123 416 234 370 157 214 22 89 154 83 356 409 365 144 200 360 62 320 98 71 417 445 490 174 471 450 262 411 15 96 331 362 473 9 387 438 280 481 264 233 58 225 164 495 404 285 254 79 248 48 247 47 468 304 392 30 250 273 359 462 41 422 242 465 249 286 256 399 479 272 483 106 335 146 353 105 193 498 110 130 139 85 441 156 386 361 82 314 460 166 228 341 63 379 208 444 406 382 374 346 342 227 213 288 232 299 69 313 349 135 222 
minDistance: 26.9
cost: 93956
capacity: 77735
time: 46319
maxTime: 60000
LS1: 306700/319931
LS2: 4435/13231
LS3: 0/0
shakeIters: 8772
shakeLoops: 873
