19:17 19.9:34 20.2:58 20.9:70 21.7:82 22.7:104 23:214 23.3:1523 23.4:4371 23.6:4377 23.8:4483 24.8:4510 
350 29 22 392 228 30 309 118 265 349 490 140 249 359 148 411 214 15 375 203 337 456 320 291 78 362 164 465 388 351 4 229 106 32 44 331 213 444 348 114 471 33 346 304 467 48 437 248 121 443 82 288 8 178 374 105 135 276 39 127 272 483 111 153 225 240 416 466 365 332 495 42 144 123 299 387 313 419 397 86 386 426 210 89 384 460 422 253 360 120 417 112 286 74 468 406 335 221 356 363 183 479 85 9 257 370 162 427 474 169 
minDistance: 24.8
cost: 97739
capacity: 77762
time: 4510
maxTime: 60000
LS1: 284412/299321
LS2: 5402/14909
LS3: 0/0
shakeIters: 9494
shakeLoops: 947
