17.6:22 18.8:45 21.5:109 22.2:209 22.6:232 22.9:488 23.1:567 23.4:587 23.7:594 23.8:604 24.3:831 24.5:867 24.6:963 24.8:1843 25:1850 25.1:1856 25.2:2525 25.9:3030 26:34216 26.3:34847 
407 69 30 70 352 51 460 77 465 96 137 483 416 186 462 164 165 58 286 240 83 417 248 123 233 228 27 447 445 392 48 130 105 349 309 250 350 71 197 74 208 182 482 13 232 495 262 358 150 391 35 187 253 144 328 225 319 434 213 98 331 296 22 162 370 220 469 242 7 32 278 36 367 135 346 386 157 436 304 89 257 169 8 234 450 439 444 171 322 254 170 499 273 362 490 489 399 215 409 441 99 42 114 117 299 400 41 297 365 471 440 134 320 422 
minDistance: 26.3
cost: 97306
capacity: 77794
time: 34847
maxTime: 60000
LS1: 263322/277806
LS2: 6795/14484
LS3: 0/0
shakeIters: 7665
shakeLoops: 761
