18.6:20 18.9:66 19:74 20.9:117 23:144 23.9:921 24.3:966 24.6:1279 25.9:1330 26.6:38606 26.7:41361 26.8:41443 27.2:42571 27.4:42717 
313 48 468 391 426 105 392 483 321 471 46 267 134 9 19 350 379 336 15 135 490 261 82 257 161 440 178 460 476 250 31 85 437 288 111 24 224 384 210 114 66 465 304 309 218 233 316 444 217 84 151 337 183 346 324 387 434 4 398 320 32 279 146 42 280 153 137 338 495 204 164 254 251 128 74 370 228 365 36 351 71 83 382 275 386 187 169 299 494 286 8 415 314 225 29 362 208 30 145 159 374 140 200 474 214 291 238 89 278 
minDistance: 27.4
cost: 98041
capacity: 77810
time: 42717
maxTime: 60000
LS1: 303941/317580
LS2: 3984/13639
LS3: 0/0
shakeIters: 9638
shakeLoops: 959
