16.8:18 19:36 19.8:60 21.6:82 23:128 23.2:225 23.3:261 23.4:303 23.6:332 23.7:410 24:1150 24.1:1515 24.4:1942 25:2654 25.2:5944 25.4:31063 25.5:36606 26.3:36637 26.9:37734 27.1:40697 27.3:40773 27.6:43513 27.7:47478 27.8:48145 
466 382 386 342 341 421 471 324 286 225 15 144 346 240 214 448 137 285 495 130 350 254 154 444 146 150 409 434 370 148 270 123 468 228 262 384 96 450 360 193 85 304 191 157 490 460 249 227 8 30 9 233 242 387 392 84 224 232 299 332 494 248 445 406 479 349 253 416 179 105 222 288 472 313 498 113 259 180 164 265 116 264 200 48 374 135 481 166 33 43 241 320 159 238 399 309 147 438 362 328 465 106 32 183 170 127 63 71 22 335 77 173 314 118 203 
minDistance: 27.8
cost: 97451
capacity: 77746
time: 48145
maxTime: 60000
LS1: 298818/311834
LS2: 3796/13016
LS3: 0/0
shakeIters: 9193
shakeLoops: 913
