18.8:33 19.6:50 21:68 22.2:183 22.9:261 23:310 23.3:390 23.4:533 23.9:547 24.3:787 24.7:992 24.8:1078 25.2:8411 25.9:14287 26.2:30410 26.3:30575 26.4:36073 26.9:57782 
370 247 362 409 232 134 48 214 241 386 450 328 349 154 486 157 483 150 490 387 77 213 365 79 86 183 85 42 58 8 264 106 225 335 288 360 215 83 22 453 153 324 15 353 423 10 220 222 314 110 187 468 249 374 256 283 82 422 253 193 89 392 434 416 346 498 200 262 444 331 464 130 404 116 337 32 299 36 164 250 63 350 304 166 146 382 435 71 171 417 441 195 248 44 165 471 9 107 240 465 224 270 203 460 30 158 228 123 65 161 151 156 96 384 320 135 
minDistance: 26.9
cost: 95442
capacity: 77822
time: 57782
maxTime: 60000
LS1: 290116/303129
LS2: 4799/13013
LS3: 0/0
shakeIters: 8190
shakeLoops: 814
