20.9:45 22:105 22.2:161 22.5:231 24.6:302 24.8:373 24.9:1533 25.2:1541 25.4:1561 25.9:1597 26:28418 
195 213 9 137 313 89 299 222 92 286 94 471 328 374 460 234 404 342 75 165 416 438 41 476 173 240 150 285 386 465 112 214 22 162 262 273 332 146 444 85 225 224 123 63 304 91 331 15 346 362 490 157 33 391 203 154 450 408 349 30 350 74 48 36 197 409 335 445 77 250 483 67 238 147 134 8 228 53 468 309 105 365 169 83 120 495 369 39 35 242 98 363 215 257 96 270 171 170 253 233 58 276 7 399 359 320 499 121 32 248 353 417 441 
minDistance: 26
cost: 97637
capacity: 77741
time: 28418
maxTime: 60000
LS1: 294632/308007
LS2: 4386/13375
LS3: 0/0
shakeIters: 8975
shakeLoops: 894
