19.9:45 20.3:75 20.4:140 20.7:146 21.4:167 21.5:197 21.8:213 22.2:328 23.6:352 24.3:552 25:989 25.4:1204 25.9:1316 26:3441 26.3:6297 26.4:26751 26.8:27739 27.1:29145 27.7:32133 
304 158 468 362 8 417 335 187 483 460 249 248 157 349 49 63 328 490 242 78 58 9 162 439 106 83 286 276 179 488 30 445 146 450 222 164 135 67 82 7 232 476 299 228 314 270 96 320 462 134 197 225 280 169 386 399 365 444 123 130 471 254 108 213 98 416 88 94 346 208 110 422 22 404 499 15 441 384 374 44 89 350 42 305 215 498 150 201 464 257 434 139 495 309 224 214 313 178 36 396 85 356 253 250 105 193 35 48 227 353 262 
minDistance: 27.7
cost: 96986
capacity: 77787
time: 32133
maxTime: 60000
LS1: 298982/312620
LS2: 4431/13638
LS3: 0/0
shakeIters: 9181
shakeLoops: 911
