17.9:27 18:34 18.6:44 19:65 20.2:75 20.4:89 20.7:133 22.2:169 22.4:208 23:533 23.2:709 23.3:1165 23.4:1207 23.6:17025 24.1:26163 24.6:26919 25.1:29258 
307 179 328 154 445 313 353 157 84 494 228 233 444 322 191 197 87 62 9 490 15 382 144 265 409 451 117 118 107 177 112 252 346 363 140 426 135 468 416 466 106 48 286 127 386 264 370 184 472 146 479 49 320 187 42 53 170 123 180 19 262 364 169 266 183 399 224 200 225 389 86 422 421 249 43 288 60 253 63 208 299 460 335 309 341 392 296 77 482 214 304 193 412 30 89 121 116 240 92 248 227 166 105 324 56 88 406 150 58 498 437 384 96 85 
minDistance: 25.1
cost: 98024
capacity: 77855
time: 29258
maxTime: 60000
LS1: 312402/326066
LS2: 4231/13664
LS3: 0/0
shakeIters: 9413
shakeLoops: 939
