6:12 6.2:33 6.4:46 6.6:67 6.7:201 6.8:7822 7:9153 7.1:9350 
331 422 179 264 166 270 84 327 189 13 385 320 181 211 432 290 328 186 373 125 262 236 252 184 55 427 136 487 71 451 381 10 382 315 472 37 496 205 39 274 403 16 415 30 217 208 412 371 245 132 339 25 375 357 325 268 273 250 450 157 43 138 135 67 221 397 256 272 109 439 42 180 163 435 119 409 254 303 337 3 156 198 41 333 310 190 295 443 218 83 89 80 158 15 1 464 111 317 492 234 58 322 455 123 407 172 414 344 356 69 170 311 46 351 390 479 444 321 9 394 116 193 108 212 395 380 362 226 195 100 284 354 426 79 483 391 498 
minDistance: 7.1
cost: 63187
capacity: 75982
time: 9350
maxTime: 60000
LS1: 73017/87197
LS2: 7150/14180
LS3: 0/0
shakeIters: 7016
shakeLoops: 698
