6.2:13 6.4:65 6.6:87 6.7:350 6.8:9252 6.9:11134 7:11183 7.1:11313 
464 195 498 356 198 313 331 254 109 13 12 270 412 474 172 325 223 321 243 256 284 208 371 186 285 1 320 136 317 439 338 30 310 125 311 479 89 397 170 337 472 108 179 424 217 382 226 180 394 252 451 492 15 435 10 221 61 43 55 39 234 303 25 218 339 274 132 409 236 327 333 443 189 483 42 66 357 416 380 295 190 432 181 455 272 381 388 344 3 322 163 46 268 407 403 123 16 444 422 135 98 385 47 156 41 119 80 390 415 5 373 273 212 487 250 427 126 354 262 83 391 414 166 79 395 193 157 368 362 426 71 245 69 184 328 
minDistance: 7.1
cost: 63199
capacity: 75975
time: 11313
maxTime: 60000
LS1: 64680/78828
LS2: 7093/14148
LS3: 0/0
shakeIters: 7041
shakeLoops: 702
