6.7:60 6.8:2395 7:3781 7.1:6755 
16 483 132 198 10 246 1 331 496 43 499 295 415 266 432 234 39 19 221 81 197 354 321 83 311 422 250 158 327 391 412 407 427 186 409 375 320 498 157 89 444 357 119 180 172 193 468 439 471 217 136 325 303 287 274 262 25 426 38 103 313 41 211 184 272 126 58 181 356 424 71 328 455 245 436 233 55 15 337 487 310 254 268 30 492 339 236 12 256 109 46 195 166 192 395 135 317 451 9 116 394 163 344 371 397 362 190 69 98 156 252 179 322 435 223 381 189 205 170 403 472 385 80 373 79 264 416 443 464 3 382 42 161 108 270 218 13 212 414 226 390 
minDistance: 7.1
cost: 63148
capacity: 75973
time: 6755
maxTime: 60000
LS1: 69310/83060
LS2: 6943/13750
LS3: 0/0
shakeIters: 6798
shakeLoops: 677
