6.6:25 6.7:142 7:557 7.1:1894 
108 100 403 344 492 136 124 331 424 43 123 394 436 320 172 322 55 315 435 499 357 443 218 333 184 371 432 15 179 311 180 109 317 252 284 189 464 25 157 385 479 41 212 471 111 415 368 223 186 362 30 337 285 339 262 226 391 236 245 328 287 439 13 295 382 135 16 397 373 405 69 483 156 208 37 381 274 89 234 119 407 254 98 321 310 42 354 228 303 414 39 217 395 356 79 205 272 190 472 426 80 10 1 422 193 256 409 408 46 221 181 166 158 412 116 3 300 444 71 451 198 427 268 126 496 325 250 170 83 163 290 390 487 270 132 498 
minDistance: 7.1
cost: 63206
capacity: 75965
time: 1894
maxTime: 60000
LS1: 73435/86525
LS2: 5842/13090
LS3: 0/0
shakeIters: 7242
shakeLoops: 722
