6:19 6.2:28 6.4:40 6.6:90 6.7:318 6.8:4712 6.9:4759 7:5738 7.1:6761 
439 66 426 407 172 290 135 424 295 272 218 163 13 170 180 356 415 444 357 212 422 136 483 39 414 10 321 371 265 328 464 43 487 16 412 273 116 198 391 118 427 443 156 217 80 322 184 474 132 337 246 339 373 362 472 67 498 55 226 397 258 111 100 41 3 394 325 390 327 192 89 403 270 451 382 438 83 310 221 317 186 157 333 19 262 245 189 496 61 108 331 303 79 234 492 268 1 256 354 381 179 193 435 409 368 166 254 69 109 181 236 190 436 385 15 479 119 320 252 25 205 46 
minDistance: 7.1
cost: 63167
capacity: 75954
time: 6761
maxTime: 60000
LS1: 64136/77474
LS2: 4991/13338
LS3: 0/0
shakeIters: 8333
shakeLoops: 829
