6.2:7 6.4:22 6.6:38 6.7:99 6.8:4111 6.9:11578 7:11859 7.1:25939 
339 181 472 270 328 436 414 157 471 274 197 381 119 195 435 212 189 166 337 15 252 111 479 320 498 311 109 483 295 226 496 125 9 25 190 193 287 382 100 135 81 272 186 322 136 275 412 19 351 170 394 395 55 385 126 397 1 492 43 310 424 354 264 409 98 221 79 474 303 71 290 407 236 223 427 422 217 69 163 338 172 443 118 158 39 13 406 356 205 218 262 180 444 67 30 41 192 439 371 89 405 42 246 464 325 487 256 391 357 403 344 415 184 426 234 451 3 198 103 408 373 108 327 331 16 132 333 254 156 233 10 390 362 80 317 268 321 179 432 116 
minDistance: 7.1
cost: 63164
capacity: 75979
time: 25939
maxTime: 60000
LS1: 69004/83205
LS2: 7581/14201
LS3: 0/0
shakeIters: 6607
shakeLoops: 657
