6:11 6.2:36 6.4:48 6.5:106 6.6:207 6.7:610 6.8:5159 7:5377 7.1:8137 
315 416 287 15 444 331 252 234 132 100 16 362 427 221 285 391 498 10 245 344 212 337 414 295 371 320 156 55 303 333 166 217 41 116 157 284 317 412 300 270 135 382 69 375 357 226 205 172 1 161 464 163 424 439 264 397 373 322 395 136 256 479 61 487 170 390 422 472 351 193 356 403 46 218 180 181 274 443 108 109 189 499 354 388 327 321 25 179 406 338 186 39 268 311 89 455 407 119 272 394 435 325 438 236 19 9 483 451 426 123 385 71 273 126 339 262 380 79 3 80 184 409 198 432 328 118 415 13 158 83 192 43 254 381 471 42 190 310 313 492 275 
minDistance: 7.1
cost: 63168
capacity: 75960
time: 8137
maxTime: 60000
LS1: 66865/80655
LS2: 6797/13790
LS3: 0/0
shakeIters: 6977
shakeLoops: 693
