6.4:18 6.5:32 6.6:70 6.7:205 6.9:401 7:495 7.1:1005 
331 436 382 25 156 483 181 357 327 46 496 450 303 109 170 39 415 287 317 184 333 427 354 252 272 262 435 405 371 479 226 328 455 30 80 344 362 16 325 422 256 337 198 135 103 126 499 117 9 236 172 81 487 136 254 394 351 320 472 407 426 439 492 412 157 270 98 69 158 116 186 295 166 223 67 356 274 414 368 58 119 234 339 464 13 108 212 1 290 89 424 83 55 192 277 310 432 451 373 498 193 313 250 443 190 71 403 409 391 3 285 205 189 395 208 406 268 41 43 397 471 390 179 246 15 217 10 322 163 385 42 381 221 79 132 321 311 111 180 444 218 
minDistance: 7.1
cost: 63181
capacity: 75958
time: 1005
maxTime: 60000
LS1: 71042/84557
LS2: 6904/13515
LS3: 0/0
shakeIters: 6599
shakeLoops: 657
