6.6:29 6.7:204 6.8:781 7:2580 7.1:11053 
356 135 468 338 295 218 310 492 132 320 42 180 100 325 285 136 236 270 170 391 385 9 407 3 397 116 409 412 256 80 221 317 327 351 415 427 189 71 321 303 322 254 362 246 79 15 311 357 472 444 432 212 371 354 205 89 163 156 226 443 84 245 10 83 157 192 498 464 435 403 337 268 190 58 252 414 250 439 487 181 451 328 111 264 41 422 405 69 119 25 39 436 166 394 395 300 172 109 339 43 16 223 30 234 217 126 184 382 266 186 103 55 496 262 390 290 198 13 114 208 108 426 1 381 272 193 373 331 273 483 
minDistance: 7.1
cost: 63202
capacity: 75956
time: 11053
maxTime: 60000
LS1: 62959/76984
LS2: 6464/14025
LS3: 0/0
shakeIters: 7552
shakeLoops: 754
