6:6 6.2:19 6.4:28 6.6:73 6.7:153 6.8:833 6.9:1090 7:1546 7.1:14749 
119 193 55 180 226 412 81 181 444 325 43 100 474 270 264 98 212 1 407 189 337 472 89 245 198 450 108 83 414 498 357 464 234 455 427 236 275 439 339 388 166 354 403 373 303 415 391 310 424 295 41 318 135 331 435 116 409 156 3 382 123 254 184 221 422 436 217 317 208 79 311 338 258 327 483 10 394 381 321 262 109 385 315 186 39 375 9 443 58 170 16 362 192 492 320 80 268 132 371 190 136 46 274 406 390 103 395 205 246 285 426 328 25 13 256 479 118 356 172 397 322 487 218 438 163 451 157 111 290 125 69 333 179 
minDistance: 7.1
cost: 63184
capacity: 75962
time: 14749
maxTime: 60000
LS1: 64631/79338
LS2: 7408/14707
LS3: 0/0
shakeIters: 7284
shakeLoops: 725
