6:7 6.6:39 6.7:61 6.8:719 6.9:1362 7:1617 7.1:16341 
331 69 25 339 436 189 385 394 362 272 409 322 43 42 39 407 58 310 444 344 472 373 498 217 427 256 415 414 193 439 422 313 236 287 136 132 258 354 412 480 252 192 245 84 172 479 197 205 391 181 37 124 321 157 61 388 1 403 186 381 270 190 226 135 426 111 89 487 79 325 30 492 184 368 221 13 234 367 464 474 108 275 268 317 116 262 55 66 16 405 41 295 483 406 156 218 356 455 208 311 109 121 180 375 166 3 450 9 435 357 320 123 15 170 395 371 198 284 390 83 307 328 212 163 333 451 303 10 397 100 119 382 432 337 80 
minDistance: 7.1
cost: 63205
capacity: 75987
time: 16341
maxTime: 60000
LS1: 64637/78959
LS2: 7293/14322
LS3: 0/0
shakeIters: 7019
shakeLoops: 699
