6.6:28 6.7:314 6.8:1040 7:2063 7.1:2523 
339 310 422 438 277 483 80 357 46 25 320 472 116 480 409 132 163 344 498 186 135 311 223 17 69 270 268 256 426 451 444 170 212 180 265 39 71 189 427 252 109 226 254 492 100 108 328 218 13 295 123 325 205 412 496 198 286 407 385 245 321 10 43 236 415 184 15 432 464 16 3 103 471 414 337 273 435 1 264 161 371 9 157 208 362 58 439 193 394 55 317 390 354 217 424 250 172 455 89 179 443 234 83 79 192 303 373 98 274 487 479 331 221 190 272 246 125 356 156 287 166 382 416 381 397 41 181 262 403 136 436 406 119 333 322 391 
minDistance: 7.1
cost: 63153
capacity: 76004
time: 2523
maxTime: 60000
LS1: 67834/81176
LS2: 6289/13342
LS3: 0/0
shakeIters: 7041
shakeLoops: 699
