8.1:151 8.2:306 8.3:567 8.4:1640 8.5:1712 
231 226 4 354 482 375 123 198 309 230 38 89 86 234 287 293 304 191 45 182 193 6 253 390 165 383 131 101 485 145 321 250 128 202 348 214 288 57 177 410 372 392 310 205 229 499 457 24 283 137 106 381 297 347 114 362 168 68 346 279 207 257 322 368 267 426 344 15 105 154 206 425 107 387 455 407 233 495 167 443 73 360 470 277 458 358 464 75 324 423 210 398 63 352 428 446 150 70 276 251 384 77 149 64 248 
minDistance: 8.5
cost: 91288
capacity: 71876
time: 1712
maxTime: 60000
LS1: 155874/163092
LS2: 1897/7218
LS3: 0/0
shakeIters: 5305
shakeLoops: 526
