7.9:69 8.1:199 8.2:501 8.3:568 8.4:4006 8.5:5529 
324 63 41 6 198 322 372 182 368 229 452 480 73 405 470 230 383 426 455 253 168 360 489 317 135 351 231 457 68 70 38 346 288 305 309 250 475 356 191 451 55 205 362 423 276 485 226 75 458 77 259 289 64 24 234 313 384 195 137 499 101 304 210 15 410 149 136 354 105 425 202 193 387 297 478 128 293 407 419 398 145 267 165 106 390 92 358 107 251 394 123 482 206 352 428 45 277 174 464 446 279 214 
minDistance: 8.5
cost: 90505
capacity: 71777
time: 5529
maxTime: 60000
LS1: 152838/159703
LS2: 1724/6865
LS3: 0/0
shakeIters: 5122
shakeLoops: 508
