8.1:141 8.2:336 8.3:434 8.4:3080 8.5:3498 
499 358 443 346 309 372 458 451 362 457 384 123 63 495 24 73 175 71 360 407 44 410 470 473 313 231 253 205 38 215 368 305 277 322 165 390 168 233 279 136 375 55 293 450 191 485 381 230 283 57 297 229 310 335 107 273 391 131 183 392 198 250 287 86 324 354 426 75 352 68 45 267 425 128 149 27 77 304 288 234 64 276 177 101 319 423 17 482 251 347 15 226 81 151 202 207 455 182 143 193 145 428 106 137 
minDistance: 8.5
cost: 91014
capacity: 71786
time: 3498
maxTime: 60000
LS1: 155060/162275
LS2: 1792/7215
LS3: 0/0
shakeIters: 5406
shakeLoops: 538
