8.1:117 8.2:1245 8.3:1391 8.5:2035 
287 305 375 55 277 123 73 226 439 149 276 480 382 77 205 45 168 384 304 310 354 193 455 425 231 324 27 38 191 165 253 233 267 272 154 229 207 131 68 81 470 423 458 319 368 485 428 279 248 426 101 273 390 407 410 259 137 473 482 145 352 177 391 322 443 63 64 313 32 288 234 182 75 202 251 293 198 57 358 41 24 71 309 151 15 392 34 478 404 446 230 457 70 464 283 206 499 335 107 430 347 360 297 6 381 362 128 106 250 
minDistance: 8.5
cost: 90832
capacity: 71795
time: 2035
maxTime: 60000
LS1: 148377/155293
LS2: 2138/6916
LS3: 0/0
shakeIters: 4764
shakeLoops: 473
