8:109 8.1:144 8.2:193 8.3:515 8.4:1942 8.5:2360 
55 105 272 182 134 473 165 362 294 360 426 455 86 75 234 251 276 41 259 151 458 428 335 168 322 193 107 279 289 352 356 226 27 136 499 64 423 372 63 425 390 464 106 205 198 101 38 358 391 229 45 304 485 482 231 68 354 114 324 253 149 489 398 346 347 128 277 137 77 15 123 407 457 419 145 6 135 430 446 475 310 206 71 305 283 410 73 293 394 191 202 470 297 288 250 368 230 384 478 207 24 267 309 313 
minDistance: 8.5
cost: 91290
capacity: 71816
time: 2360
maxTime: 60000
LS1: 154808/162057
LS2: 1985/7249
LS3: 0/0
shakeIters: 5248
shakeLoops: 523
