8.1:84 8.2:872 8.3:2109 8.4:3408 8.5:5050 
230 73 149 277 297 485 24 455 136 107 288 207 254 114 75 145 322 464 425 309 135 293 279 305 398 304 410 473 394 354 362 426 45 234 446 250 55 346 77 105 276 390 38 165 206 128 458 375 368 193 283 470 287 272 313 383 205 482 347 251 137 70 27 499 191 231 267 480 384 71 423 41 195 310 168 123 259 324 198 360 106 372 457 68 151 182 6 131 358 229 226 352 419 64 253 202 63 356 478 289 428 15 134 101 407 154 391 
minDistance: 8.5
cost: 90442
capacity: 71783
time: 5050
maxTime: 60000
LS1: 149535/156874
LS2: 2618/7339
LS3: 0/0
shakeIters: 4708
shakeLoops: 468
