8.1:167 8.2:331 8.3:702 8.4:1217 8.5:3723 
455 89 191 182 352 277 38 123 107 75 230 283 234 57 32 387 410 207 362 106 310 297 226 165 55 398 485 321 63 77 154 267 145 322 177 198 392 149 101 458 193 251 137 381 480 114 233 168 15 470 259 229 390 346 347 499 45 257 478 128 407 253 70 206 288 276 304 309 428 360 214 202 6 24 210 105 409 41 384 248 426 457 73 64 293 231 358 443 383 324 250 287 482 68 279 446 4 423 205 464 368 425 375 
minDistance: 8.5
cost: 90950
capacity: 71770
time: 3723
maxTime: 60000
LS1: 152791/159884
LS2: 1804/7093
LS3: 0/0
shakeIters: 5273
shakeLoops: 523
