8.1:109 8.2:248 8.3:1880 8.4:4620 8.5:5590 
410 354 15 452 106 226 426 165 145 446 351 383 324 405 455 24 475 482 259 407 368 304 305 123 419 322 233 394 451 229 205 6 230 253 193 279 313 234 425 372 68 457 64 107 198 480 136 128 489 404 168 202 92 478 55 384 73 101 390 63 289 423 267 77 75 231 288 45 182 464 309 206 135 428 191 195 137 458 470 485 251 149 174 293 398 41 347 277 346 358 297 250 210 362 105 360 499 276 352 38 387 214 
minDistance: 8.5
cost: 89837
capacity: 71762
time: 5590
maxTime: 60000
LS1: 149875/156503
LS2: 1635/6628
LS3: 0/0
shakeIters: 4978
shakeLoops: 495
