8.2:234 8.3:554 8.4:1134 8.5:1531 
231 154 24 347 288 455 92 165 71 446 480 478 251 375 425 305 195 226 191 276 297 310 359 182 151 419 315 149 391 234 101 405 394 64 346 131 279 322 457 354 205 272 145 136 15 352 230 267 324 423 63 206 293 273 123 451 426 458 55 294 106 41 499 482 77 360 168 384 75 289 198 358 319 372 304 496 424 259 107 381 137 435 470 253 6 464 428 128 362 287 407 202 430 38 485 313 335 70 309 229 193 68 452 73 473 250 27 45 410 
minDistance: 8.5
cost: 91153
capacity: 71938
time: 1531
maxTime: 60000
LS1: 140016/146727
LS2: 2125/6711
LS3: 0/0
shakeIters: 4574
shakeLoops: 455
