8.1:145 8.2:511 8.3:1400 8.4:3582 
192 452 164 105 116 443 191 73 478 407 205 457 202 277 218 41 383 310 259 194 491 101 356 63 107 480 309 32 410 254 276 297 305 233 500 482 499 184 387 165 126 198 359 136 137 234 469 149 485 154 354 303 358 293 398 236 362 77 162 458 123 287 360 106 279 322 428 91 210 352 75 6 288 34 423 193 453 250 78 206 38 230 253 425 292 347 392 446 464 404 64 226 251 257 267 214 455 135 55 24 229 45 324 313 364 475 231 145 168 248 426 
minDistance: 8.4
cost: 90869
capacity: 71827
time: 3582
maxTime: 60000
LS1: 171453/179576
LS2: 2986/8123
LS3: 0/0
shakeIters: 5127
shakeLoops: 510
