35.1:22 36.4:29 41.8:49 42.3:87 44.5:103 47:182 50.5:210 50.7:1740 50.8:2349 51.5:2371 52:2816 53:3283 53.3:3290 54.1:4317 54.2:4945 55.5:5267 55.8:6058 56.3:15675 56.5:56643 
142 128 482 81 66 302 320 315 207 270 463 70 458 493 313 25 119 173 287 308 453 210 424 37 243 316 290 13 117 194 275 477 78 391 149 86 472 414 386 235 80 319 3 429 459 230 358 265 203 464 251 163 113 130 419 422 385 462 83 361 212 277 28 457 317 444 225 193 198 
minDistance: 56.5
cost: 64361
capacity: 51763
time: 56643
maxTime: 60000
LS1: 466006/484123
LS2: 2722/18117
LS3: 0/0
shakeIters: 15376
shakeLoops: 1534
