33.8:30 45.2:60 46.2:69 46.5:86 49.3:115 49.9:119 50.1:128 50.2:245 51.7:254 52:285 54:324 54.1:334 57.5:428 58.3:12804 58.5:13338 58.6:30530 
6 101 268 364 88 467 284 173 83 1 112 80 158 398 243 419 212 285 256 371 433 429 290 434 482 69 20 214 66 210 422 163 405 357 287 113 397 128 333 194 3 157 260 111 459 245 125 100 225 424 203 456 493 265 149 183 28 201 477 165 312 84 159 200 462 193 21 
minDistance: 58.6
cost: 63848
capacity: 51793
time: 30530
maxTime: 60000
LS1: 473784/491814
LS2: 2711/18030
LS3: 0/0
shakeIters: 15303
shakeLoops: 1526
