37.2:28 37.4:32 37.8:86 39.7:106 40:116 45.1:150 45.4:154 47.2:264 47.5:272 49.2:311 51.3:319 52.5:335 52.7:6579 53.8:6704 54.3:6930 55.3:7011 55.5:7014 56:7413 57.1:8299 57.2:8450 
202 188 375 304 20 200 296 342 113 242 69 67 80 269 37 374 219 136 494 186 237 169 448 71 371 361 105 428 14 174 214 364 190 413 156 8 300 335 322 426 236 228 46 396 230 127 288 476 451 55 320 425 420 258 421 363 481 23 407 272 485 464 275 471 7 260 94 274 173 79 168 
minDistance: 57.2
cost: 63779
capacity: 51012
time: 8450
maxTime: 60000
LS1: 468555/487258
LS2: 5849/18703
LS3: 0/0
shakeIters: 12833
shakeLoops: 1280
