37.9:21 38:32 39.9:54 44.4:69 44.8:80 45:113 48.6:119 50.4:132 50.9:273 51.2:278 53:284 54.2:408 56:1332 56.1:5814 56.4:6370 56.8:8193 57.1:12583 
262 79 156 77 48 190 320 442 8 127 214 300 476 16 418 82 363 436 37 13 62 163 441 413 187 66 323 464 159 375 168 274 14 69 279 224 157 173 371 386 335 494 396 240 426 20 133 337 420 228 174 267 288 408 128 247 67 23 287 80 269 242 443 272 258 186 361 251 19 200 
minDistance: 57.1
cost: 62625
capacity: 51137
time: 12583
maxTime: 60000
LS1: 497830/515977
LS2: 4684/18147
LS3: 0/0
shakeIters: 13445
shakeLoops: 1343
