34.5:20 36.9:26 40:46 41.5:54 50.3:76 52.1:124 52.5:217 53:314 53.1:405 53.2:413 54.1:427 54.2:500 55.5:563 55.6:800 55.7:822 56.1:918 
320 82 494 427 218 181 385 88 251 442 137 77 371 80 174 364 8 239 79 33 13 414 166 242 214 127 128 186 157 52 337 225 131 476 67 23 436 420 69 159 190 236 386 94 55 316 187 466 50 361 228 447 133 240 258 197 300 292 272 37 156 200 267 154 443 452 375 289 288 
minDistance: 56.1
cost: 63575
capacity: 51018
time: 918
maxTime: 60000
LS1: 492904/510545
LS2: 3383/17641
LS3: 0/0
shakeIters: 14242
shakeLoops: 1421
