36.5:27 37.7:41 43.2:67 44.8:83 45:398 45.4:451 45.9:504 46:542 49:608 50.3:671 50.5:1098 50.6:1408 50.7:2193 51.1:2292 52.8:2304 53.9:2665 54.2:2856 54.3:7648 55.2:7701 
177 181 1 487 289 214 443 8 168 458 94 69 79 162 105 304 47 233 242 361 215 434 128 156 187 420 155 239 21 281 269 478 410 320 154 197 33 87 491 492 425 287 230 258 342 292 142 249 476 184 186 329 274 270 275 37 431 367 157 428 190 396 14 145 479 100 336 200 279 300 264 
minDistance: 55.2
cost: 61292
capacity: 51000
time: 7701
maxTime: 60000
LS1: 486970/504448
LS2: 4088/17478
LS3: 0/0
shakeIters: 13370
shakeLoops: 1331
