30.8:17 32.6:25 35.4:35 36:50 38.9:69 42.5:78 44.3:93 44.8:97 45.7:108 46.5:116 48.1:135 53:194 54.2:290 54.3:798 56.3:1340 57.1:1625 57.3:1900 
279 337 292 197 14 94 464 269 186 38 55 447 166 18 181 458 159 443 79 10 335 420 488 37 119 69 154 182 287 413 158 274 187 142 471 228 425 242 400 240 82 8 100 272 442 123 428 494 53 156 174 225 382 190 221 255 336 410 12 137 251 214 144 275 23 140 157 320 127 361 437 491 
minDistance: 57.3
cost: 63749
capacity: 51010
time: 1900
maxTime: 60000
LS1: 480959/498657
LS2: 5014/17698
LS3: 0/0
shakeIters: 12667
shakeLoops: 1265
