37.6:26 38.1:94 41.9:108 44.1:133 44.3:141 46.3:156 46.6:161 47.9:169 49:254 51.1:273 51.3:1475 51.4:1618 52.3:1676 52.5:2430 52.7:5950 52.9:7160 
413 312 33 55 56 364 452 337 277 230 159 322 269 335 91 408 484 214 46 113 290 419 228 256 344 136 209 370 67 235 285 361 109 292 297 21 272 188 64 175 476 295 112 447 106 462 20 267 236 94 301 37 287 169 13 166 471 160 371 35 156 133 173 23 360 320 456 396 493 127 
minDistance: 52.9
cost: 65523
capacity: 50998
time: 7160
maxTime: 60000
LS1: 472136/491297
LS2: 6449/19161
LS3: 0/0
shakeIters: 12696
shakeLoops: 1265
