39.3:20 39.7:38 40.8:55 44.8:71 45.3:188 45.4:217 47.7:417 48.3:431 49:560 51.1:599 51.3:603 52.1:614 52.3:619 52.5:706 53:790 53.8:813 54.3:1387 55.5:1395 57.1:1401 
169 80 202 123 8 174 425 471 335 342 256 269 320 55 186 279 173 251 361 329 258 200 156 79 322 67 236 421 127 428 448 23 494 375 476 363 464 420 214 113 105 336 133 37 237 288 396 300 69 190 275 426 374 408 260 222 168 20 10 272 442 296 242 267 46 94 228 443 262 413 
minDistance: 57.1
cost: 63371
capacity: 51118
time: 1401
maxTime: 60000
LS1: 491370/510133
LS2: 5795/18763
LS3: 0/0
shakeIters: 12948
shakeLoops: 1291
