38.8:33 43.2:55 46.4:63 47.2:71 48.5:108 49:117 50.2:145 50.9:150 52.1:161 54.3:257 56:684 57.1:1662 57.3:3029 57.4:3289 
128 133 50 200 336 279 371 255 94 79 269 428 20 214 494 337 82 190 335 158 284 33 106 464 488 157 361 410 272 156 443 140 14 173 186 375 187 471 447 127 275 174 274 37 8 413 292 251 262 442 228 287 437 67 69 240 55 166 12 288 320 491 425 420 202 137 154 427 382 242 23 77 
minDistance: 57.4
cost: 64203
capacity: 51039
time: 3289
maxTime: 60000
LS1: 456833/474997
LS2: 5831/18164
LS3: 0/0
shakeIters: 12318
shakeLoops: 1229
