32.3:12 34.1:20 37.4:33 39.9:89 41.8:95 47.9:108 48.2:291 48.9:403 50.5:431 51.5:465 52.1:521 52.8:732 53.5:1412 54:1778 54.4:4957 
45 358 2 71 8 485 146 159 287 173 338 344 320 386 468 237 99 484 127 80 77 256 361 94 82 136 38 289 476 186 364 419 79 117 494 67 258 143 400 363 240 385 383 369 149 195 300 414 480 278 37 337 328 137 27 135 500 59 426 52 55 260 436 234 200 236 413 267 191 214 
minDistance: 54.4
cost: 64752
capacity: 51049
time: 4957
maxTime: 60000
LS1: 486422/504285
LS2: 4240/17863
LS3: 0/0
shakeIters: 13608
shakeLoops: 1357
