39.5:26 43.2:34 47.2:47 48.8:57 50.3:77 50.9:91 52.3:120 52.5:228 54.2:886 54.8:44298 55:49826 55.2:50206 
104 250 269 82 272 335 239 55 267 419 181 476 159 275 374 361 240 38 256 408 206 35 37 396 364 67 337 258 214 237 188 174 140 221 28 71 297 228 8 161 77 300 468 112 447 89 375 197 320 139 253 232 434 168 287 494 367 414 136 458 471 200 235 156 344 428 487 195 66 10 191 
minDistance: 55.2
cost: 60889
capacity: 51039
time: 50206
maxTime: 60000
LS1: 454865/472873
LS2: 6626/18008
LS3: 0/0
shakeIters: 11368
shakeLoops: 1136
