32.3:17 33.1:28 36.8:51 37.4:55 37.7:68 38.3:79 41.6:88 46.9:104 47.5:138 49:185 51.6:197 52.5:430 55.5:667 56:739 56.4:2290 56.8:2297 57.1:3366 57.2:3745 59:13111 
20 251 67 448 342 363 262 426 320 123 240 131 23 420 228 94 186 336 494 168 69 224 214 190 82 258 174 375 55 79 62 173 464 335 80 37 260 371 7 396 163 200 383 236 443 242 421 300 428 272 288 156 413 385 296 279 169 442 256 127 157 133 361 476 374 202 267 187 8 
minDistance: 59
cost: 64496
capacity: 51088
time: 13111
maxTime: 60000
LS1: 504965/522762
LS2: 4177/17797
LS3: 0/0
shakeIters: 13600
shakeLoops: 1356
