38.5:19 40.9:71 42:86 44.8:138 45.1:191 45.4:195 46.3:1215 46.7:1264 50.4:1294 51.2:1388 51.4:1392 52.2:1398 53.3:1402 53.6:1614 53.8:1621 54.3:1672 54.4:1764 55.8:27311 
481 342 459 326 356 156 190 386 287 251 149 490 94 230 371 258 142 81 442 351 484 419 46 237 85 312 295 80 200 498 173 20 79 242 47 105 476 272 168 396 69 8 320 264 349 485 236 214 184 441 21 243 23 186 385 361 239 170 288 249 169 304 33 145 289 228 224 267 202 162 
minDistance: 55.8
cost: 64039
capacity: 51210
time: 27311
maxTime: 60000
LS1: 479263/498150
LS2: 5699/18887
LS3: 0/0
shakeIters: 13169
shakeLoops: 1314
