2.07035:567 2.0775:1440 2.14032:1812 2.16654:1941 2.16799:2451 2.16887:2944 2.18969:6794 2.21447:7114 
1097 756 954 393 1888 154 1271 1663 1032 530 833 218 1704 1413 1540 781 1660 417 431 836 950 245 1926 1834 1105 178 259 529 1356 886 1557 234 1902 434 759 1585 1081 23 249 1517 1556 1910 1928 1472 24 1967 506 821 1788 1170 695 451 657 1153 1298 607 12 604 29 1865 1798 1932 933 1192 236 118 1801 1481 522 1597 880 1938 46 163 223 1143 176 1812 1887 1091 181 1384 1604 1303 1533 463 1375 472 457 1463 608 1043 187 642 499 1033 1108 1771 824 614 192 198 1309 1391 1753 1760 1435 1544 310 126 391 102 927 757 1978 1951 1632 1682 1578 1229 1125 1023 1479 1612 505 377 147 632 1516 868 1789 1652 1306 193 1806 637 831 620 717 1819 1784 220 1862 322 689 1794 100 1252 945 168 1003 951 664 1037 107 709 1623 1736 1827 1775 148 1212 167 257 459 1492 1665 1258 68 1339 865 679 600 117 643 462 1846 384 1503 1563 1889 133 625 1049 860 838 774 1401 1185 986 778 398 767 520 1625 114 1069 1987 247 113 754 649 1118 720 389 1726 1569 1488 1244 1214 748 304 143 1163 1814 1067 73 1186 610 1461 1053 570 686 619 1796 1651 508 1480 1671 145 51 1494 1935 1001 169 1416 1092 1545 246 96 801 1813 82 254 1366 1235 238 867 1278 1955 487 985 241 1874 59 480 1709 654 1779 219 1845 263 1168 264 1399 1763 572 1361 308 995 1828 454 1638 1059 1693 1630 874 911 278 946 1538 1842 1350 1031 1722 666 185 303 438 307 233 1202 144 963 1157 1921 1437 965 914 498 1079 751 312 1815 285 1087 1236 410 1478 1619 1958 861 295 1070 1193 647 1797 127 467 276 1154 174 1250 340 967 1121 535 732 314 31 412 446 1825 1286 1904 1346 755 984 704 1656 1922 306 1621 319 212 1222 673 1996 593 579 968 251 856 1100 112 277 492 1667 916 663 870 742 1144 244 36 428 1183 199 795 1609 1703 503 175 1142 1738 1389 1485 701 667 39 333 956 183 1586 1151 1464 206 222 1316 1191 58 961 1340 105 1502 1017 866 997 1106 940 1690 1203 1199 165 761 155 895 1360 590 481 807 1181 1484 721 405 953 1755 1880 694 909 272 1684 834 1664 89 687 179 1102 1844 1198 190 401 464 1944 847 662 292 1487 1224 1251 1351 1831 1527 1337 705 13 670 553 855 60 869 1594 488 1853 814 172 1988 1073 682 380 989 844 976 1562 415 1370 1240 1369 1606 1615 659 1453 364 1975 924 609 1381 1190 1698 1295 420 195 1590 1644 1839 229 402 800 1745 1810 1913 211 173 158 288 534 827 873 681 1916 1743 991 1795 1470 324 537 1241 136 1074 1086 170 1024 327 1518 606 1971 1714 1917 1885 1959 19 1061 1352 15 1388 343 226 1826 912 775 596 261 1233 1386 1219 1232 385 1083 1948 1647 1107 1082 1047 388 715 1103 1680 1438 
minDistance: 2.21447
cost: 246723
capacity: 298764
time: 7114
maxTime: 60000
LS1: 7612/8910
LS2: 753/1298
LS3: 0/0
shakeIters: 537
shakeLoops: 51
