1.71243:299 2.03299:748 2.07035:880 2.16654:2401 2.16887:11130 2.21447:14615 2.23776:21581 2.23852:27041 2.24036:33896 2.266:38552 2.26686:39750 2.27001:46660 2.28293:52369 
873 1930 1043 1413 1793 1578 1361 721 60 1505 1236 95 799 976 1839 1527 247 1258 1779 1784 257 1153 1809 989 1306 1682 333 1928 1273 606 1594 658 410 199 1684 946 434 610 307 1771 1296 276 1118 457 1544 1971 965 1069 206 620 173 1181 288 1556 1764 1704 705 1722 1836 682 1235 488 764 1810 181 657 641 322 176 759 493 192 1391 1496 1964 1017 1955 556 1569 720 1014 1656 1328 1073 1619 102 1366 114 968 516 774 631 1240 604 754 1339 778 254 82 340 31 117 451 861 1087 218 1714 134 1975 1191 793 1788 19 661 39 867 1545 537 667 1203 1102 868 1032 940 1261 836 1470 1932 379 986 670 847 1960 827 155 902 1472 1775 498 695 1604 103 304 1540 1003 1408 1745 1453 1282 513 1848 1144 125 1730 1199 782 1950 314 886 828 1921 252 608 133 1703 1357 781 46 1386 431 1610 1082 13 233 1768 953 1652 1432 1502 742 211 572 1091 23 417 178 1615 625 1738 927 89 1842 1190 1079 1412 1801 834 1819 1988 909 1347 1108 692 1337 112 1865 277 1670 522 324 59 895 1970 1663 1845 1103 1105 831 1984 1106 709 1186 508 244 860 1885 807 1795 755 1591 553 1024 1671 126 824 1976 234 1598 175 687 1588 1438 1375 1747 985 1693 195 642 1340 1862 739 306 222 1961 1092 944 1600 1951 1913 1163 1664 756 1063 384 1533 1797 924 732 1937 1166 343 821 1222 1193 1426 1791 147 163 1506 1370 1596 1360 1834 319 1798 1061 145 1189 1889 1359 312 1563 954 1025 1846 1192 261 613 1053 650 220 183 1367 1479 1121 143 715 470 1350 1271 1831 480 614 1298 535 1006 1170 1126 635 673 68 792 1184 105 412 245 232 251 292 291 363 17 1518 94 757 1753 1130 1418 1303 991 1059 1557 763 364 1212 844 1796 388 1151 1244 1880 1260 1752 1031 1084 193 865 1214 109 212 1288 1644 107 853 1926 570 1384 462 1373 1494 675 246 1799 398 1585 997 377 1917 123 219 464 36 1904 1696 1202 1996 1219 1495 1959 266 1625 775 1789 167 662 1275 1492 1250 1297 1143 172 664 1626 465 1233 165 814 73 1825 1067 1584 1902 945 1606 38 1623 438 1157 1736 499 1461 1374 609 1653 574 1826 442 161 168 800 1346 1922 223 1183 1243 66 717 525 1086 420 870 1036 1047 872 1463 285 264 916 912 1786 1713 327 1794 136 723 704 686 1107 933 880 144 1680 596 1481 459 1142 506 1478 943 486 1401 632 961 1844 643 1125 231 920 1910 238 15 380 1255 446 748 1210 148 1487 169 984 1726 1269 100 283 467 1229 1485 1252 1464 76 1813 790 1369 198 1351 1938 1070 34 647 1419 1888 1037 619 303 1517 415 1081 666 530 278 
minDistance: 2.28293
cost: 246789
capacity: 298733
time: 52369
maxTime: 60000
LS1: 7566/8929
LS2: 827/1363
LS3: 0/0
shakeIters: 523
shakeLoops: 51
