1.95875:421 2.07035:633 2.15362:1118 2.16324:1350 2.16654:1434 2.16799:1548 2.16887:4963 2.21447:7532 2.23776:14686 2.23852:14921 2.24036:16200 2.26916:22475 2.28293:24759 2.28916:43695 2.29226:43959 2.35577:44211 
1844 1120 1244 19 142 303 1786 328 549 1664 410 114 434 388 717 254 754 985 211 963 997 277 572 537 1108 1339 136 193 329 632 1462 144 170 41 385 364 945 991 558 1751 1696 1665 854 168 238 175 1298 264 1988 486 1506 1771 1347 276 814 968 1229 1433 1693 1913 1243 234 1793 76 1432 1235 1904 1317 1484 1391 1814 195 1130 1518 1472 23 415 1485 1866 1517 1063 1401 39 1633 1340 556 643 377 807 682 492 1357 1045 1224 178 1097 60 923 1801 1222 1073 870 530 480 255 25 606 66 304 1750 516 1081 961 1810 1092 1014 1930 1910 218 206 818 1041 1184 742 1494 343 181 608 1091 307 457 89 391 920 720 984 868 744 1584 1845 100 547 1730 324 525 909 872 895 1346 1273 874 1136 1819 1578 464 1788 102 1667 499 657 856 1142 778 1463 673 1594 169 112 1126 1021 1345 886 1885 147 553 756 1412 1087 551 1118 223 1183 916 1360 1351 1210 865 1408 446 1644 1797 1153 986 764 1257 574 1615 1143 1726 1834 1397 1556 451 1413 508 1573 723 1540 1706 1530 1105 1186 428 68 1996 506 790 748 1082 1652 1959 664 838 1480 1384 527 596 1784 1775 847 661 1271 1680 330 1902 420 1544 1596 1779 1475 619 1795 642 212 793 380 417 614 1086 1375 1661 1269 1691 1623 887 1070 1921 989 1925 363 946 155 1170 470 1932 940 1722 845 340 1670 1024 133 953 1102 1157 801 1370 520 1350 232 257 709 1100 1464 1303 266 1828 1538 1036 1061 1894 867 761 251 272 1991 604 844 1240 792 1862 805 15 1806 635 620 725 675 813 1605 705 1827 1296 799 126 1753 704 1928 1106 1199 1121 1166 1880 172 412 1935 1032 503 1191 1857 291 1682 143 1003 1453 1159 1151 1842 1598 1647 1 1366 1261 1955 1017 1067 1202 954 31 1043 637 1107 158 259 669 821 1487 1505 611 1418 1286 1242 1251 59 1619 219 933 285 1361 1320 1847 1576 319 1604 1259 1306 1569 1557 1527 1309 1825 105 13 853 1031 1809 1671 222 252 1922 1917 662 695 46 314 1478 833 306 1040 1146 1975 1574 54 667 176 873 834 831 1337 117 1250 73 309 610 488 781 1125 1846 1740 14 670 1789 94 17 846 173 1653 824 82 431 1545 459 1798 1214 585 249 869 125 552 1703 1461 715 27 1192 755 1481 220 1970 1435 1050 1591 1950 1833 247 167 1826 365 535 1684 165 322 1889 1233 1479 836 1796 686 1839 1971 1059 145 261 827 1590 398 625 1037 912 1203 1656 928 1516 1076 1279 1178 1219 246 34 1600 1438 522 1585 1144 1964 107 631 1181 1053 751 231 880 1791 1189 1502 1745 1915 1010 1736 455 691 1888 666 1190 976 1533 647 130 1416 861 1630 467 1799 198 1542 775 927 800 1938 
minDistance: 2.35577
cost: 246751
capacity: 298742
time: 44211
maxTime: 60000
LS1: 7678/8875
LS2: 640/1197
LS3: 0/0
shakeIters: 541
shakeLoops: 51
