1.76122:615 1.95875:1000 2.03299:1522 2.06599:1866 2.16324:3293 2.16654:3382 2.16799:7845 2.16887:10258 2.18969:12492 2.19327:13348 2.21447:13535 2.23776:16768 2.24036:21996 2.25864:23519 2.26686:23874 2.26916:24083 2.28293:25419 
1170 1492 66 1240 13 1845 800 580 1653 1921 1684 649 68 1932 1904 257 610 251 1644 1958 119 1806 838 1557 1024 1036 1061 82 322 1163 264 168 916 1961 1269 954 621 670 136 970 1087 1243 309 277 1323 895 1857 593 1563 73 292 285 165 57 288 89 1517 428 278 606 774 1714 1494 744 291 695 763 537 834 312 1976 100 1472 748 1619 217 1991 27 1975 1747 619 112 218 657 873 647 1441 643 747 664 1435 46 824 1003 860 1214 813 1722 1862 470 1303 989 704 310 1556 632 183 1656 1726 31 1397 1222 506 1970 727 138 1190 192 742 1506 143 254 232 1346 1084 673 158 38 1545 94 1544 855 1357 553 1538 1819 1938 705 233 1667 245 1831 976 867 498 1251 241 669 1426 261 23 333 1978 1125 1682 1037 1487 126 1399 237 1584 181 167 661 572 266 682 927 1433 336 117 831 1696 1464 880 570 1142 861 828 1652 238 273 412 198 1732 211 1229 51 687 754 1107 945 1810 1237 1073 1955 1912 1576 1889 1091 1408 380 1935 1339 961 1200 431 102 958 1203 1053 1621 940 330 1232 805 1598 1729 324 1706 674 530 836 1242 1292 1235 525 1202 276 1948 1825 968 991 1828 717 446 463 1032 1370 259 1479 1384 1745 681 1401 1185 327 814 835 1485 625 349 1926 613 39 1755 1799 620 244 501 170 827 1288 660 1930 17 488 795 304 985 1100 1795 984 1928 933 662 355 384 19 283 1298 807 1271 1182 364 1157 222 1017 1369 1391 585 1910 1663 508 1951 715 645 964 1181 881 462 953 818 1623 781 688 1834 1106 1880 986 1306 114 314 943 220 1081 178 843 175 1922 1959 1449 1788 247 1890 1250 1743 379 385 1166 1615 464 1996 761 1238 417 631 1627 465 1118 1585 303 870 1703 1463 1350 410 493 663 133 562 844 343 1779 212 1014 739 1092 1183 1453 1244 109 614 1199 252 853 308 1591 350 1470 1753 1670 1086 1219 340 1842 1797 666 142 1438 1143 154 1043 377 219 1971 775 1542 1917 1366 675 1789 1865 721 1784 1846 1502 434 223 60 1153 1259 1067 1569 1902 246 163 161 604 914 1866 1351 1794 1478 846 1786 1210 723 1771 1750 454 263 1047 1082 611 1693 1413 1826 15 1793 173 868 1775 457 1809 172 1102 1121 1337 1796 1461 1533 759 231 272 1360 1105 1191 1680 1803 1604 1375 1455 1126 1189 459 1340 1144 1373 107 1151 438 709 667 522 388 821 1070 1888 1304 59 1233 1059 1386 1527 306 1031 839 556 1168 147 234 155 455 1261 1552 1361 1573 145 1596 415 1312 1594 1425 467 1913 1844 1665 176 997 1885 1798 1184 199 596 1540 1481 573 480 792 1988 1801 1279 686 912 778 755 316 642 1475 206 809 1608 1671 
minDistance: 2.28293
cost: 246750
capacity: 298739
time: 25419
maxTime: 60000
LS1: 7095/8418
LS2: 794/1323
LS3: 0/0
shakeIters: 512
shakeLoops: 48
