1.51967:321 1.70739:500 1.83227:665 2.07035:1417 2.16887:1710 2.21447:5553 2.23776:35582 2.24036:39018 2.26686:47874 2.27001:48253 2.28293:49466 2.28531:59451 
1031 933 1966 333 31 102 620 1438 553 1357 614 1059 1151 1320 1238 480 1082 704 778 1888 470 410 365 744 1955 1796 1215 764 506 1097 220 814 464 446 1752 1100 1533 807 1351 1970 1053 343 1484 276 454 667 1251 1789 748 1711 1845 1017 172 314 747 1118 1192 976 1154 467 709 673 1975 1513 530 824 82 547 968 1591 1745 1455 1102 109 105 1799 1693 259 732 641 388 1006 340 457 1003 1667 1229 1306 742 322 420 1448 59 1014 137 757 283 1771 593 1917 1076 1037 1665 285 1913 1125 1091 385 304 805 278 327 233 1819 619 1478 1108 1615 1831 1047 309 1040 1801 1166 985 1340 114 755 89 252 1978 1105 238 1032 670 522 218 257 94 1794 886 1413 958 1791 266 251 1103 1063 1360 1517 1902 422 1130 860 1951 1545 562 1233 1339 173 1081 263 95 170 535 226 247 1594 1938 51 1652 176 14 632 912 417 723 136 244 412 774 1996 1895 1381 946 100 689 945 1834 783 231 1619 169 715 1854 1950 844 660 585 537 701 1958 164 163 928 873 1 1621 596 1146 684 181 1412 1885 1447 1487 459 1479 799 1191 168 1904 193 1753 324 986 1784 1957 1183 1846 1401 501 1485 609 1259 1750 1459 610 1106 1862 953 498 1163 1453 1653 1764 493 380 888 223 1384 107 1788 662 1684 1396 895 861 647 649 330 1386 288 245 1546 379 1525 1212 1760 675 525 984 943 762 705 66 377 847 1279 211 1298 1350 658 1043 1971 1518 1337 1292 508 1464 125 901 643 269 1203 165 1775 1647 17 1144 183 1297 1670 853 431 117 1181 1502 1121 318 1061 1680 1435 1475 964 381 1222 428 686 246 1506 488 1973 1418 212 775 1087 1361 1743 1809 1243 499 68 178 927 413 1219 664 1136 606 1186 1391 761 657 1202 1691 46 133 1244 793 348 795 1606 1644 1197 1620 1070 434 1797 264 1889 1779 23 134 1844 835 1271 1688 155 1024 206 222 1793 982 1369 1596 1959 781 1261 1961 989 1588 1624 1092 143 1200 785 1126 1810 1556 1025 919 198 739 1880 1481 1704 1242 1084 1240 1827 821 1544 1833 1803 661 1142 158 1825 556 1826 827 754 1726 1730 1268 36 492 384 1380 570 1527 954 1656 56 1865 997 175 852 1143 1433 833 398 1461 1671 254 682 232 1069 1235 1010 167 113 1842 1910 644 49 1706 1199 625 19 867 1303 1569 749 1333 1275 147 1120 868 1988 261 54 1366 112 39 1494 1682 914 303 414 306 1345 880 801 567 1157 991 1585 76 145 1755 195 1250 1714 1241 659 73 415 1346 1976 272 1463 1623 277 1189 557 1073 438 856 838 1915 1921 404 1933 604 126 1214 1703 818 1067 831 1510 1347 1540 1107 687 1170 234 60 1795 1375 154 792 916 1562 695 642 1722 1164 308 834 572 1798 1696 1492 
minDistance: 2.28531
cost: 246793
capacity: 298731
time: 59451
maxTime: 60000
LS1: 7561/8855
LS2: 761/1294
LS3: 0/0
shakeIters: 521
shakeLoops: 50
