1.6638:253 1.70739:346 1.71243:986 1.80174:1605 1.95875:1798 2.03299:1901 2.0775:2321 2.16324:2809 2.16799:4263 2.16887:4512 2.19327:7224 2.21447:10674 2.23776:33082 2.23852:34708 2.24036:34882 2.26686:43403 2.27001:51090 2.28293:51418 2.36906:52628 
1118 1545 868 1408 985 1244 1189 1966 1203 754 1667 1664 1502 1455 1479 1518 1926 1798 241 1365 60 551 1087 1181 462 635 1185 1738 1665 1885 100 1399 1222 916 322 912 112 1584 997 1235 846 114 604 1275 1951 682 38 1487 1557 1183 775 720 415 170 664 1334 480 744 265 625 1126 1890 464 1463 1339 1846 148 1059 1706 1889 1623 1904 1910 1271 259 493 1981 319 1347 585 1229 233 1624 133 192 1092 1799 1236 1370 1095 1107 1253 193 961 195 970 867 1585 161 1233 1061 1017 467 657 1327 1438 377 19 1154 144 1598 1663 1743 1647 46 827 855 1828 1070 1328 363 1472 384 231 1024 220 340 1306 1102 584 614 1917 1032 245 869 232 1348 470 675 434 145 805 1604 17 679 1680 1961 1401 1902 1913 977 138 516 252 54 1569 269 1461 1069 670 705 388 1108 417 1047 557 1082 234 237 759 198 266 51 1242 1988 175 277 608 717 1481 1259 1888 1653 1970 82 1594 1191 1954 954 508 1192 609 36 343 689 1485 1056 1796 73 853 530 1091 686 1987 306 1345 1386 1975 59 455 309 391 412 1492 1819 873 495 1480 218 1295 991 1014 324 1928 643 31 742 986 178 1067 1130 1375 1745 1105 1340 1083 662 181 687 1825 1801 570 446 1182 176 1845 666 596 715 1809 838 1433 844 692 886 481 1031 1513 95 1652 285 1788 308 1517 130 1125 1996 14 246 1726 172 1478 1967 1103 1834 168 1494 278 814 1955 572 23 673 1151 1952 247 1957 695 647 865 732 953 1844 1350 1506 525 456 312 1533 535 1971 748 1948 547 1212 1357 1081 1384 314 909 244 238 199 1684 1153 350 155 1360 1784 165 275 156 15 880 1958 858 556 1435 1588 764 757 222 1199 1568 1333 1250 303 861 1668 1860 1043 1258 261 1063 1793 420 1121 126 1797 94 1143 1214 459 553 593 1079 66 831 620 1586 379 89 1921 1157 642 610 1703 1563 206 940 1243 667 1219 88 291 68 767 933 1100 1003 1976 457 1298 1810 1795 1556 1862 1346 272 945 1660 1753 790 756 1464 201 1938 125 721 1722 264 1779 522 257 751 1730 1296 1682 1037 251 1170 1656 763 451 1922 958 847 506 800 1865 117 1540 1279 1874 1303 1764 946 1073 672 1619 1351 1527 1144 109 1578 173 431 989 1202 273 1186 1959 1106 1476 1053 1361 860 1900 1288 13 105 143 304 385 1544 807 1505 792 1964 895 333 167 1775 1644 498 169 537 606 709 644 723 762 834 410 619 212 1142 1372 1240 1671 1337 1396 488 927 1409 158 1413 1257 1771 1323 836 1935 1496 778 254 1693 1391 976 1366 487 1600 1251 365 62 821 632 783 34 1645 1789 276 136 107 984 223 1453 1842 1190 1084 801 
minDistance: 2.36906
cost: 246785
capacity: 298762
time: 52628
maxTime: 60000
LS1: 7404/8766
LS2: 813/1362
LS3: 0/0
shakeIters: 530
shakeLoops: 49
