1.71243:224 1.95875:569 2.06599:907 2.07035:1299 2.16324:1829 2.16799:1915 2.16887:2217 2.18121:13602 2.21447:13870 2.25864:21634 2.28293:23973 2.29566:24791 2.35577:27540 2.36906:27749 2.37033:30178 2.37384:30439 2.40637:45319 2.40716:47714 2.41907:52224 2.42971:52785 
136 1014 231 614 1813 807 1902 1569 480 165 1360 212 1798 604 632 233 1032 388 1910 245 1370 1479 888 147 1544 1470 867 933 1222 1369 1271 114 1656 1658 1839 1151 1533 1971 222 1964 1366 695 1750 1487 916 912 276 964 38 238 1464 1703 1053 681 1556 1492 1183 363 264 1810 1153 1087 709 869 1987 272 1860 199 420 1107 991 257 664 266 1591 247 663 1928 1441 1108 379 17 607 1722 219 1391 1842 1671 220 1106 206 1680 289 1438 59 567 1357 1459 322 1350 1288 261 1298 1433 1037 1959 1644 1938 1224 800 748 945 1210 223 1651 1550 1061 23 1588 109 1630 176 1233 285 1623 1463 985 673 385 1384 1932 662 467 14 1667 415 1615 1966 1036 1797 1269 914 291 1190 556 1401 553 1279 498 1449 1144 1647 1189 1416 946 1178 251 126 792 1 1726 1819 1154 886 1413 143 1484 1067 218 1242 621 596 1136 606 1846 625 1143 818 1105 241 1926 1652 1485 1696 895 1164 459 308 365 1856 31 1730 642 997 1970 39 1345 1340 1202 1976 488 1996 790 316 1047 100 1125 1100 1043 1219 102 989 170 1361 1244 417 1786 984 782 1653 1251 424 314 1922 827 1799 1684 1764 1826 781 377 1791 1396 1121 1862 57 1745 107 244 173 793 1600 958 1904 1435 1126 413 1163 1296 1481 1182 1978 1975 1913 306 327 579 249 410 428 1199 128 1472 68 1604 1727 491 1806 82 1494 809 1874 492 391 1879 1283 687 405 1935 940 1191 717 1562 835 1885 329 73 619 10 675 1889 870 310 649 1432 1988 1771 1059 508 1585 511 1682 1579 158 644 927 860 1952 1386 178 530 1552 778 324 880 799 711 442 1024 167 54 1670 181 1568 1324 643 1118 36 682 168 951 1665 610 145 1506 1086 1540 89 657 866 1453 1306 801 755 986 95 454 547 303 1586 1337 464 434 1351 761 19 1844 1006 1081 1605 953 1017 1789 155 1130 705 1955 451 1102 593 720 1834 1461 733 846 60 499 333 1203 192 1793 1573 732 1063 1375 1339 1025 46 739 1478 1181 834 172 1545 34 164 1328 1333 470 457 775 954 1031 844 968 1082 94 585 446 1517 1235 1079 1501 861 873 537 1250 868 525 1346 398 1743 1784 304 522 117 278 493 1518 1148 431 1578 853 374 976 1084 943 1788 824 535 259 686 865 1399 742 1865 1502 234 688 1142 1779 15 572 715 647 1950 1917 1888 1214 1557 133 1801 1192 1563 1073 1092 1097 1961 721 667 608 669 1796 1753 340 1706 1303 412 1186 211 759 105 609 1418 384 1003 856 1594 1240 805 1286 670 1229 66 821 1915 506 1157 754 1606 1243 977 1380 183 254 1252 175 246 1803 704 343 1921 112 232 
minDistance: 2.42971
cost: 246757
capacity: 298768
time: 52785
maxTime: 60000
LS1: 7443/8759
LS2: 777/1316
LS3: 0/0
shakeIters: 519
shakeLoops: 48
