1.51967:207 1.6638:344 1.70739:617 1.76122:889 1.95875:1223 2.07035:1699 2.16654:2367 2.16799:3769 2.16887:5156 2.20877:12486 2.21447:13706 
846 985 1306 761 307 1282 1798 1351 675 1347 175 1142 895 60 1538 1087 1061 1083 291 1168 431 956 174 498 212 1527 663 223 169 1136 1856 1667 415 1632 1707 933 977 31 556 365 619 1253 73 136 1789 1752 1517 816 1745 1825 1670 1971 1788 1144 324 801 105 585 755 684 486 1890 158 1771 222 1585 873 1606 610 1202 1578 143 721 261 1250 333 249 567 340 638 1244 480 1126 1569 1786 405 173 1753 1121 410 322 1976 1181 19 459 1042 1703 467 506 1356 870 1834 388 1480 799 1827 219 609 1502 406 1003 1921 1391 657 1046 1706 1693 785 385 1696 1163 1540 277 451 1840 1130 1562 199 81 1988 1339 1191 413 1238 303 670 1902 807 327 1105 1973 1303 1092 247 488 1413 1518 600 1871 1447 1926 1143 1658 206 1736 1232 1067 1680 1779 781 1797 624 805 137 1106 763 181 868 1801 1492 1170 1360 912 1809 1478 970 1017 252 1879 1219 1186 66 14 470 1586 1350 1166 1487 1241 751 1095 1151 189 1810 1401 865 1107 1671 1222 976 1925 530 36 1688 145 1594 1273 1880 1481 1073 380 1860 1251 133 39 310 292 1750 682 874 1775 928 1031 1874 1604 1660 847 46 1043 1070 1519 1938 1439 1653 1845 1375 1084 1545 238 1183 38 1470 117 198 276 620 373 241 1652 844 1961 1192 422 853 161 590 1475 232 343 1665 138 1987 1664 954 464 1738 285 1 673 717 107 709 795 211 100 266 1337 1525 1345 1485 254 919 649 1242 167 103 23 715 1032 742 695 82 780 1446 1795 793 1366 126 953 886 1361 179 1991 112 220 1533 1157 147 231 1453 593 659 732 384 1086 1059 1463 68 172 1615 1639 945 163 1103 1184 647 1053 968 1419 1025 1340 535 1764 1959 264 1910 1806 363 1842 1948 1006 1240 1009 1682 1298 642 553 1846 911 155 943 827 809 860 537 1510 1967 778 1461 1644 51 1853 1862 604 1399 165 1690 1214 1684 1917 1288 245 927 1698 1384 1425 888 559 1097 1286 916 867 744 1975 193 997 1793 1369 1904 1913 562 438 272 1435 1024 178 1844 833 782 1955 940 989 462 508 1236 664 1726 1614 831 102 1656 1713 1930 1438 1889 1751 1245 1888 961 705 614 1970 686 1494 1233 1120 748 1966 552 412 278 1885 792 176 880 1010 1691 814 17 1958 1544 1436 1623 821 1091 233 1081 1190 377 94 946 457 1464 1189 1484 1079 596 522 168 59 1037 643 391 986 286 428 1108 1100 687 1408 774 991 756 1235 1479 1730 1459 144 319 1346 995 1506 1826 625 1125 263 493 1996 314 654 1199 1714 667 283 914 234 183 704 1102 434 1118 1935 984 572 1763 187 195 1386 1550 1588 446 1784 632 1819 1333 89 1647 1887 861 304 836 125 1563 1722 754 1082 1978 114 783 442 866 775 1556 1063 505 1796 1865 1271 251 306 395 757 1932 218 417 
minDistance: 2.21447
cost: 246745
capacity: 298768
time: 13706
maxTime: 60000
LS1: 7530/8759
LS2: 701/1229
LS3: 0/0
shakeIters: 517
shakeLoops: 50
