1.40037:113 1.6638:513 1.70739:736 1.71243:910 1.95875:1515 2.0132:1665 2.07035:1882 2.16324:2575 2.16799:3110 2.16887:3538 2.19327:5864 2.21447:6366 
945 165 991 1538 1502 23 89 1073 1461 986 1796 1401 1922 183 834 1033 1920 1059 1703 868 1827 1698 985 600 647 1562 14 1696 1556 428 1624 1202 1453 661 604 535 593 1091 226 687 1527 1024 310 845 36 1771 1105 503 744 1366 1472 318 125 537 1312 172 1191 626 1853 961 133 1660 1462 223 709 625 1793 620 405 670 642 79 173 846 1166 283 556 1203 277 933 1433 1464 234 529 1487 1463 809 1063 1480 844 673 1361 1384 827 664 1118 1797 1032 104 1967 1644 1615 245 259 276 198 1356 747 158 761 417 1682 1951 1663 1961 739 1684 1181 1418 1242 1360 1586 559 807 1814 377 572 1126 406 1120 805 1368 179 73 496 60 764 442 1348 39 1652 748 1753 1810 686 1910 446 1183 717 308 1170 778 1345 1244 927 251 757 1871 186 1925 206 59 237 1656 195 232 1253 1437 470 455 1136 1667 1350 46 1154 462 800 217 257 222 1839 327 1625 263 1214 916 247 853 1917 1788 1887 1396 847 866 1817 635 657 264 292 775 1775 1484 68 167 508 1200 1400 821 1419 1043 457 1680 154 493 1494 1142 144 117 1210 1809 1604 530 212 1497 1519 1988 874 187 1889 1732 1913 1518 1904 609 410 1381 1470 774 506 412 1163 954 1339 109 1893 1588 838 1306 94 1880 649 38 914 1671 995 1351 1286 66 1970 1279 1492 940 672 415 266 943 143 1594 1475 261 178 637 174 1375 643 107 273 888 1736 1481 567 793 488 1479 1010 304 1037 732 1846 1578 1902 431 1619 306 1545 836 1087 1996 1102 682 1219 792 1478 1726 756 82 1569 1271 238 1533 231 742 1061 976 193 181 169 303 364 516 1408 1212 278 781 1292 1955 1750 1079 1336 1153 1070 1144 1425 1014 146 126 81 1664 1438 1865 1082 1399 136 1745 1544 1199 585 1510 1186 972 953 1168 147 1317 1834 1862 246 855 695 324 1103 17 314 801 763 659 1238 307 1647 1054 334 495 681 1743 15 984 1591 822 254 1935 1459 1188 1081 1386 1146 1076 1831 1801 895 1278 1130 754 1053 190 290 1606 333 322 824 189 1665 1623 1713 1389 614 1930 1427 1542 1189 1763 1789 1031 1926 438 1635 175 1067 384 968 1121 1482 252 176 1516 467 388 220 492 667 168 499 1443 1374 1259 1791 1337 1125 1369 1346 1984 710 584 100 1222 912 1143 114 1233 1435 1845 1296 1888 1938 1241 102 873 1092 1506 1190 343 1192 553 1760 1056 1806 870 385 1017 705 218 1826 562 1250 861 1006 522 1563 163 112 244 1243 1977 1971 1107 1447 1229 1517 715 1528 1106 201 1885 814 880 434 833 480 799 155 1670 1779 459 606 1879 464 1798 145 1540 1232 860 596 1784 199 285 1149 1100 713 1711 1585 1226 219 759 1730 340 989 380 1151 1842 123 1632 1733 1825 1003 675 1258 1621 704 1413 233 1251 1819 19 1959 1795 619 1224 632 762 1240 
minDistance: 2.21447
cost: 246763
capacity: 298772
time: 6366
maxTime: 60000
LS1: 7541/8816
LS2: 722/1275
LS3: 0/0
shakeIters: 541
shakeLoops: 51
