1.70739:157 1.95875:384 2.03299:636 2.07035:1190 2.0775:1745 2.15362:1894 2.16799:2461 2.16887:3686 2.18969:3903 2.21447:4059 2.23776:11030 2.25864:14139 2.26686:17528 2.26916:22756 2.26959:23291 2.27001:26688 2.28293:27975 2.29623:29245 2.31089:34780 2.35577:37130 2.36906:45600 
1788 272 1126 1193 1183 553 657 169 1340 1087 682 537 1050 472 1337 1764 782 575 1181 1904 1186 809 557 1714 747 38 1024 1663 619 895 1798 508 1152 451 1271 818 259 417 100 805 252 1237 945 914 1605 1350 1105 1412 705 610 1594 1996 989 1170 314 530 1801 1527 1032 59 1783 1455 1819 195 73 790 888 527 759 1100 1656 1502 1575 495 181 1544 1463 1810 1578 1753 1653 762 1545 1163 1857 1722 1003 1920 82 761 1796 488 1736 800 247 1461 1106 838 1435 1958 854 1400 1815 1250 1913 1043 1619 596 739 1441 480 641 1975 1073 1667 1706 691 175 1121 413 1834 715 1988 1082 1690 1366 763 880 1632 723 1910 254 1242 1959 643 1154 1479 664 1059 143 232 168 1506 1775 1726 1202 183 1730 1793 420 222 709 1743 1889 1846 1345 1771 1261 1191 1704 251 278 1083 340 1086 1484 1703 961 1286 625 1926 1370 1784 1923 39 1351 1079 428 1212 1339 233 1586 60 1682 757 1895 264 244 319 673 1481 748 1902 288 585 1797 238 1190 1346 1874 1917 695 1839 133 1399 1076 951 556 212 46 1644 1478 1494 173 154 1485 1518 710 1563 637 649 687 1357 1084 868 277 1092 593 1464 867 269 559 1334 291 853 604 1588 1789 249 1108 645 799 1347 246 144 1880 1360 1295 632 14 1847 1014 912 953 692 954 844 66 1153 855 68 1017 873 1219 647 916 1031 377 579 308 76 304 388 1696 927 434 675 23 1921 1020 775 1480 1964 717 364 1097 1381 824 218 158 312 1233 1453 1584 886 1120 1189 15 1067 870 117 145 520 1157 756 1409 614 1214 1591 102 866 410 606 165 1142 627 1755 1598 1557 1240 535 263 963 1070 991 89 257 1569 499 1262 1871 1652 1795 869 827 1384 658 478 285 126 1449 1517 1827 12 1192 1951 1251 642 986 1894 1604 1828 1199 1540 754 198 431 1053 498 459 1010 307 847 51 1487 1932 446 1396 142 261 834 933 223 112 1243 783 909 424 114 1647 119 1235 1952 1103 686 178 985 306 1438 492 1144 836 1413 506 206 481 371 976 1606 1664 720 1623 94 860 1229 801 1752 1888 742 1306 1107 467 470 525 1978 1361 984 19 940 170 107 462 464 1125 1391 1745 1680 276 1954 1955 172 814 1791 1842 1427 1369 105 324 1203 219 134 237 234 865 415 1938 442 109 1063 199 1296 689 136 833 1922 1102 1317 1118 1244 1037 384 1809 821 1081 1693 231 670 1061 792 265 667 176 1970 1991 1130 1779 17 245 193 839 950 1025 778 1298 1119 1660 522 1885 1971 322 1401 454 744 1530 211 1143 155 1585 807 1253 343 385 1825 455 784 1826 303 609 572 412 1222 1862 861 1556 1621 1671 457 570 266 220 1091 1684 1386 1533 755 
minDistance: 2.36906
cost: 246763
capacity: 298777
time: 45600
maxTime: 60000
LS1: 7795/9002
LS2: 636/1207
LS3: 0/0
shakeIters: 550
shakeLoops: 52
