1.95875:563 2.03299:1200 2.0775:1386 2.16324:1758 2.16654:2236 2.16799:3638 2.16887:3985 2.21447:12142 
261 438 844 1797 1885 307 95 264 1544 508 1181 751 1623 1775 1464 1506 1932 805 530 117 1014 15 1251 247 657 174 1682 1996 1043 1747 1677 94 1283 1557 1067 39 1763 1219 384 637 873 953 801 1203 807 59 1170 385 1569 1159 1449 309 1339 1357 257 1667 1425 1478 1627 860 13 1938 114 73 1327 708 940 976 625 148 1771 1306 138 610 19 410 1809 102 1366 1789 619 1118 1585 570 1242 234 319 1670 833 1036 846 742 1619 1295 488 506 173 31 1917 1079 1472 1229 1488 181 1730 467 109 1221 673 1977 107 51 606 1157 380 1024 1722 874 715 1351 946 1105 1576 1346 1073 766 405 1750 1453 273 1312 1798 800 1959 1813 283 417 1541 222 145 774 1487 252 989 1910 1819 1418 667 872 827 1200 1053 420 1632 920 1087 1604 165 393 768 198 620 1375 927 105 695 1652 1698 1971 961 33 1003 106 163 1146 609 1586 1810 1243 1183 233 112 1857 190 457 179 1740 1298 322 958 46 505 1828 304 973 1252 1839 1126 567 1584 1706 1032 1244 525 1479 14 1621 340 799 1814 985 492 1091 136 1086 1017 1784 1779 1563 1202 1827 1598 1848 979 1107 1492 251 748 1269 1860 886 1831 687 170 763 1125 1588 1732 499 1369 1874 1340 1794 572 686 1069 761 134 1143 391 82 1380 754 1191 223 867 1462 1879 1900 632 1373 596 614 1920 866 1275 1481 1413 1502 1025 535 778 593 1556 1796 219 1463 1360 666 1922 1795 118 689 155 232 30 259 1232 1153 659 1347 201 1480 1801 1988 1384 245 1552 945 1102 621 1656 1059 1192 277 710 1865 793 1594 1915 327 1286 464 1834 1399 1540 995 821 848 244 1131 764 1660 1142 1061 720 1711 1279 388 547 1186 721 635 818 1955 1560 1401 1664 1271 647 895 704 1926 1361 431 755 1889 1703 1921 1370 1533 285 792 1345 1350 723 1615 446 824 984 193 1738 1288 1951 312 1081 1433 147 756 218 1278 1461 1226 459 480 675 1296 192 1783 1238 870 1335 954 231 172 333 997 212 643 853 1198 60 1356 158 206 1190 1653 1144 303 176 318 783 1846 412 527 254 1485 89 263 522 814 1031 238 1902 584 641 933 1904 1755 1214 1092 1438 17 912 451 1070 167 220 100 54 880 916 745 493 1222 1680 1671 556 1696 1037 649 292 604 310 968 1303 1082 664 1240 23 1250 1435 855 1758 986 1189 1337 324 1743 503 1753 1199 1517 1826 642 272 168 533 991 343 1233 1100 1746 1842 68 705 237 175 1693 183 1097 1788 297 126 276 709 316 246 1948 1684 103 434 553 365 1578 775 1704 1317 861 1862 537 1121 133 415 1913 1386 377 187 1365 1644 36 306 1225 729 470 314 1880 868 1745 1163 1726 600 951 178 113 34 781 1606 658 1999 495 1184 585 1729 557 559 670 1966 154 1106 1494 1888 1825 
minDistance: 2.21447
cost: 246688
capacity: 298741
time: 12142
maxTime: 60000
LS1: 7290/8628
LS2: 815/1338
LS3: 0/0
shakeIters: 515
shakeLoops: 49
