1.51967:228 1.6638:465 2.03299:881 2.13446:1284 2.16799:1383 2.16887:1557 2.20127:7197 2.21447:7485 2.23852:55468 
614 1967 1665 1819 818 610 308 1381 1361 964 1827 1070 1244 1232 1463 54 742 417 181 846 327 459 492 1401 946 1152 283 218 1203 105 1810 1991 654 1961 501 1259 1130 710 34 102 1738 1185 1475 1502 1865 1183 68 1576 940 1978 739 895 1144 73 1106 1478 1399 1345 1017 1118 572 333 488 46 1540 844 1809 206 1275 800 1813 620 1413 220 1732 170 231 531 865 174 1384 1779 66 1350 322 1043 525 880 257 1288 600 1753 585 1557 1889 537 1053 767 156 873 114 1562 263 1461 759 246 1743 903 1142 1798 1600 467 304 1003 980 1652 755 592 775 238 1964 398 814 1783 1073 232 15 1487 989 415 1097 1170 1107 1545 1436 309 868 968 717 667 438 1797 212 76 938 95 1527 1166 175 158 1533 1922 1880 1902 1608 1874 556 1105 1842 1240 144 138 642 715 1996 1337 631 839 1449 637 245 1684 721 1037 1190 1061 1727 977 1853 17 198 133 306 1788 1647 1585 1604 1606 860 1569 1484 1225 442 1432 608 406 632 1826 1588 496 60 126 1192 1793 834 117 1618 431 446 33 476 1316 778 574 853 23 168 1938 314 673 643 695 1182 307 1036 1660 1670 1944 1479 36 626 886 94 303 470 799 1087 1786 1243 1219 664 1092 1199 163 1736 1453 530 1438 193 985 172 1081 1269 143 1242 1312 38 611 1586 167 1001 1615 14 183 570 659 1623 1296 1745 503 870 360 1202 1347 995 1492 1951 1163 506 986 1775 1888 1795 276 1556 464 259 1103 254 1485 324 861 422 1966 1578 1370 169 59 1784 247 854 1279 508 662 1278 1360 434 1063 551 1472 783 764 1032 1771 1971 251 1644 244 1031 480 912 831 428 604 997 377 1839 1857 807 833 410 155 1959 219 1825 100 1236 596 835 1794 1191 1033 522 1014 1682 1271 1621 1214 266 107 1386 1900 847 821 1755 412 625 1667 211 165 13 1143 723 388 1186 19 1984 1698 1024 1189 285 1671 462 1235 780 1084 838 1339 1594 1726 176 312 1212 385 609 836 1706 670 792 682 1391 914 1904 1252 89 1481 933 748 1913 1518 954 1932 1006 1529 657 781 112 505 720 493 82 178 1663 1181 1988 154 420 1226 774 272 1862 828 824 1303 192 1680 619 1948 414 535 801 1921 686 944 1926 1346 909 1796 1102 1091 261 136 1517 953 1154 292 961 1079 1351 1763 1506 1086 1375 1656 976 647 1433 1418 1799 1222 1233 704 1425 1408 606 943 1250 1306 1834 945 1067 649 499 1437 1935 234 1917 237 1703 709 1026 1544 1238 1082 866 927 1464 1059 1356 173 763 340 1970 222 1885 1298 1366 1730 264 1750 1197 827 705 867 277 147 498 1100 1245 380 145 461 916 195 1340 1955 1722 754 1789 553 1910 233 1168 881 1121 1125 1801 223 1975 39 888 328 384 
minDistance: 2.23852
cost: 246752
capacity: 298738
time: 55468
maxTime: 60000
LS1: 7752/9064
LS2: 769/1312
LS3: 0/0
shakeIters: 534
shakeLoops: 52
