32.3:25 34.3:33 42.9:58 45.7:70 48.2:85 49.2:165 49.5:168 50.1:378 50.7:385 50.9:9491 51.5:14574 51.7:14676 52.2:14843 55.4:14885 56.9:14980 57.2:15109 57.5:17712 57.8:17812 58:54085 
368 136 454 500 144 64 185 173 396 433 412 118 149 363 442 370 26 155 469 350 130 356 427 159 320 465 202 264 65 344 273 338 462 95 302 371 110 261 434 222 70 131 212 189 176 351 464 28 58 386 255 326 174 347 449 419 51 69 485 107 30 440 461 219 473 77 367 45 
minDistance: 58
cost: 57175
capacity: 49117
time: 54085
maxTime: 60000
LS1: 470320/488808
LS2: 4236/18488
LS3: 0/0
shakeIters: 14232
shakeLoops: 1419
