40.3:31 41.7:42 43.8:56 43.9:112 44:294 46.2:320 49.8:352 51.4:490 51.7:1695 
106 337 189 79 160 366 173 51 419 274 52 347 393 368 388 206 20 430 386 355 69 164 406 216 491 395 500 209 470 490 110 61 116 129 192 186 450 455 156 26 42 473 233 286 58 429 417 497 482 19 91 308 377 54 203 307 474 126 348 174 202 255 345 371 469 264 350 98 185 212 423 
minDistance: 51.7
cost: 59350
capacity: 49051
time: 1695
maxTime: 60000
LS1: 433106/452548
LS2: 6275/19442
LS3: 0/0
shakeIters: 13157
shakeLoops: 1313
