43.1:40 45.5:92 45.9:333 46.4:337 48.5:353 49.5:706 49.6:716 52.8:828 53.1:888 53.2:1084 54.1:1356 54.5:1536 54.8:28760 55.2:32336 55.4:32911 55.6:33108 
377 309 279 360 3 70 156 51 493 45 411 272 278 116 474 127 185 192 99 439 212 469 273 222 19 408 350 419 86 81 90 313 209 233 412 399 355 274 91 44 189 107 147 427 26 264 161 57 398 449 174 386 331 202 480 206 302 345 343 130 201 450 234 433 114 69 353 441 
minDistance: 55.6
cost: 59033
capacity: 49067
time: 33108
maxTime: 60000
LS1: 463735/482843
LS2: 4972/19108
LS3: 0/0
shakeIters: 14119
shakeLoops: 1408
