37.9:34 40.6:49 41:60 42:72 42.2:147 42.8:154 47.2:166 47.4:235 48.3:254 49:264 50:309 51.2:323 51.4:378 53.6:632 54:686 54.5:12948 
188 431 52 138 36 83 179 377 127 288 434 380 349 142 87 250 334 161 198 19 229 66 160 185 43 312 411 272 298 159 47 46 271 433 61 57 487 91 286 495 483 182 422 34 371 262 320 385 280 244 406 54 105 45 48 137 63 216 474 39 297 235 401 337 101 221 99 
minDistance: 54.5
cost: 61210
capacity: 49729
time: 12948
maxTime: 60000
LS1: 481891/501303
LS2: 4736/19412
LS3: 0/0
shakeIters: 14660
shakeLoops: 1463
