40.6:27 41.9:39 42.2:52 43:60 45:80 45.2:113 45.3:169 47.3:230 47.8:237 49.3:342 51.2:512 51.4:1213 52.7:1392 53.8:1575 54.1:11195 54.8:12713 
377 22 94 179 326 182 32 287 318 14 105 18 411 170 258 34 355 54 229 101 166 309 314 62 190 292 107 487 155 204 312 43 181 110 427 341 227 454 174 99 385 241 263 159 52 264 230 7 188 161 235 391 406 36 335 160 127 280 61 476 349 483 271 288 346 180 398 384 422 
minDistance: 54.8
cost: 60839
capacity: 49737
time: 12713
maxTime: 60000
LS1: 469687/489770
LS2: 6843/20083
LS3: 0/0
shakeIters: 13224
shakeLoops: 1321
