38.9:25 44.5:55 45.6:69 48.2:89 51.3:174 51.4:213 51.5:300 54.5:2917 56:2921 56.9:3272 57.9:3324 58.4:3590 58.6:3639 
47 391 87 349 148 65 216 455 74 258 250 170 89 144 22 194 159 179 54 16 14 235 224 433 280 485 155 174 463 353 240 413 185 474 298 105 171 495 347 370 229 127 221 355 205 384 312 423 292 321 135 377 213 405 160 30 421 101 483 429 32 61 51 46 63 297 346 
minDistance: 58.6
cost: 60566
capacity: 50009
time: 3639
maxTime: 60000
LS1: 477973/496679
LS2: 4740/18706
LS3: 0/0
shakeIters: 13951
shakeLoops: 1391
