40.6:20 45.2:41 45.8:105 46.4:118 48.1:148 49.3:476 49.6:623 51.2:735 51.4:742 52.2:862 56:923 56.2:2161 56.4:3543 57.9:3967 58.1:4147 58.5:12046 58.6:12052 
171 6 132 427 313 61 350 483 292 148 396 346 14 413 347 221 87 360 455 216 250 128 48 155 179 370 110 258 317 487 463 159 429 377 137 140 235 496 174 194 280 188 241 421 185 405 63 423 105 474 193 51 444 74 101 54 166 213 229 196 240 297 135 355 431 160 
minDistance: 58.6
cost: 59957
capacity: 49943
time: 12052
maxTime: 60000
LS1: 499511/519157
LS2: 5142/19646
LS3: 0/0
shakeIters: 14484
shakeLoops: 1444
