19.2:38 22.1:85 22.8:115 23.7:178 24.2:193 24.5:218 25.1:692 25.3:796 25.8:979 26.1:1122 26.2:1860 26.9:3596 27.3:3736 28.1:4239 
249 55 351 45 358 456 367 337 144 168 370 188 349 357 89 159 4 181 74 131 483 413 458 224 297 136 382 68 143 312 420 216 156 247 490 155 267 253 190 186 166 69 400 182 399 200 437 38 228 223 120 419 289 287 436 300 8 231 174 240 329 364 214 66 70 491 83 379 342 428 242 361 476 285 140 88 266 145 478 46 426 158 374 258 35 260 256 9 320 487 425 157 37 440 269 137 280 90 235 149 484 33 154 237 195 336 335 299 
minDistance: 28.1
cost: 92505
capacity: 76598
time: 4239
maxTime: 60000
LS1: 352189/365266
LS2: 3211/13077
LS3: 0/0
shakeIters: 9851
shakeLoops: 981
