17.9:47 18.2:53 19.5:70 19.8:77 22.6:130 24:223 24.5:286 25.3:382 25.5:418 25.8:1126 25.9:1533 26.1:1602 26.2:1881 26.6:5464 27:5473 27.1:5703 27.2:6772 27.3:13427 27.4:14024 27.8:14351 28.1:14491 28.2:15295 28.5:27856 28.6:27984 
145 228 226 299 280 126 104 25 143 127 363 158 14 436 349 253 419 240 379 38 137 147 182 447 213 386 413 323 319 168 484 8 42 191 258 369 361 173 336 46 113 59 312 269 105 335 385 382 367 455 342 476 259 260 86 188 140 276 90 480 55 13 235 236 287 400 186 70 399 292 478 297 208 214 35 77 221 94 440 242 189 249 356 437 200 109 234 166 2 491 149 364 134 156 420 79 267 481 452 82 459 157 66 442 136 45 300 
minDistance: 28.6
cost: 90978
capacity: 76543
time: 27984
maxTime: 60000
LS1: 341104/354546
LS2: 3096/13442
LS3: 0/0
shakeIters: 10321
shakeLoops: 1027
