19:28 22.2:75 23.1:92 23.4:119 25.1:137 25.3:379 25.8:390 26.4:627 26.9:653 27.1:1580 27.2:1968 27.3:2819 27.4:5278 27.7:5563 
158 240 349 258 300 186 292 131 134 437 135 447 2 361 284 101 201 364 486 45 10 337 68 109 480 159 202 137 379 420 464 320 370 199 476 42 399 188 156 14 86 25 166 231 221 248 209 484 226 228 413 419 329 382 28 232 136 385 200 235 214 487 267 208 260 227 169 253 182 145 33 312 115 275 249 442 297 70 79 55 46 287 59 367 141 357 426 1 157 35 478 497 425 234 144 112 38 335 154 358 236 8 108 88 77 336 218 66 140 242 
minDistance: 27.7
cost: 93847
capacity: 76497
time: 5563
maxTime: 60000
LS1: 335662/348899
LS2: 4143/13237
LS3: 0/0
shakeIters: 9080
shakeLoops: 906
