17.5:29 18.8:48 19.8:61 20.2:83 21.1:118 21.3:124 21.8:251 21.9:266 22.1:282 23.1:298 23.6:334 24:565 24.3:573 24.9:578 25.1:583 25.6:887 25.8:1347 26.7:1771 27:3652 27.2:5400 27.4:6276 28.1:8078 
236 143 198 156 45 149 105 69 386 228 297 420 440 247 140 401 264 459 349 287 441 109 66 14 487 205 426 276 410 186 242 126 361 13 136 227 25 481 33 147 208 226 399 219 382 269 8 322 300 157 182 299 342 1 142 413 455 484 312 159 92 258 289 158 339 94 456 452 168 221 77 134 358 259 79 194 253 231 46 419 367 137 235 200 476 38 370 213 173 369 188 169 379 249 442 478 174 70 214 145 154 292 2 222 351 394 35 447 
minDistance: 28.1
cost: 93002
capacity: 76517
time: 8078
maxTime: 60000
LS1: 334044/347663
LS2: 4159/13619
LS3: 0/0
shakeIters: 9437
shakeLoops: 941
