23.3:55 23.8:104 23.9:169 25:182 25.1:317 25.3:635 25.7:642 25.8:1130 26.1:1494 26.2:1572 26.3:1699 26.8:1830 26.9:1837 27:4901 27.3:6501 27.4:6511 28.1:6572 28.3:6579 28.6:6590 28.7:23982 
280 369 335 35 287 66 166 320 13 342 483 242 487 83 136 94 414 312 351 256 367 182 269 300 195 74 221 70 292 159 149 201 143 33 419 69 8 88 144 120 105 472 329 299 459 168 46 38 336 228 374 437 267 223 253 426 55 436 484 476 147 45 158 289 207 491 379 181 90 364 235 420 200 89 214 247 37 496 471 478 190 297 82 285 399 154 9 275 370 386 140 360 266 240 382 458 456 156 258 490 413 137 145 174 400 141 188 113 
minDistance: 28.7
cost: 91296
capacity: 76518
time: 23982
maxTime: 60000
LS1: 351676/364671
LS2: 3089/12995
LS3: 0/0
shakeIters: 9885
shakeLoops: 985
