19.2:53 20.1:68 21.4:118 22.1:133 22.8:162 23.6:191 24.1:366 24.2:382 25.3:400 25.8:543 26.4:2975 26.9:3894 27:3983 27.2:3997 28:4088 28.1:4180 28.2:4295 28.5:4980 28.6:6393 
134 159 361 455 436 394 258 13 299 50 140 459 420 491 68 136 160 104 329 242 149 382 8 33 447 478 358 401 14 182 297 66 369 25 181 399 20 109 27 277 226 476 168 56 367 186 137 143 386 466 409 145 345 156 320 46 188 440 442 266 413 2 105 171 35 480 292 128 221 113 269 166 42 456 349 154 9 228 300 323 53 70 147 216 184 403 267 379 342 484 101 249 247 236 213 419 452 262 99 55 496 127 286 279 289 90 312 234 158 
minDistance: 28.6
cost: 90683
capacity: 76562
time: 6393
maxTime: 60000
LS1: 329468/343000
LS2: 4370/13532
LS3: 0/0
shakeIters: 9142
shakeLoops: 910
