14:12 14.9:19 16.9:42 17.1:51 17.2:57 22.7:112 22.9:121 23.3:134 23.5:144 24:170 24.2:216 24.5:221 24.9:239 25.1:251 25.2:280 25.3:366 25.5:793 25.6:1343 26:2046 26.5:2828 26.6:5573 26.9:6866 27.2:8283 27.8:38903 28.2:39362 28.5:40098 28.6:40669 
312 386 269 218 228 247 280 292 437 149 286 214 145 289 354 25 168 478 82 19 29 201 42 147 62 99 249 260 197 88 186 182 456 299 267 382 26 258 480 329 38 100 374 447 159 109 413 35 438 127 320 181 66 83 236 234 367 94 436 363 14 140 188 213 466 9 420 55 369 459 190 240 8 143 242 69 158 136 491 336 137 13 191 141 266 226 70 300 207 476 334 399 166 105 262 342 419 442 379 90 56 235 144 323 113 279 335 275 157 156 185 426 
minDistance: 28.6
cost: 92240
capacity: 76541
time: 40669
maxTime: 60000
LS1: 313642/326761
LS2: 4476/13119
LS3: 0/0
shakeIters: 8611
shakeLoops: 857
