18.8:41 20.1:49 22.1:87 22.7:96 22.9:105 23:127 23.1:149 24.1:273 25.1:364 25.3:370 25.5:1363 25.8:2041 26.8:3591 27.1:3671 27.3:3830 28.1:8474 28.2:11500 28.5:13859 28.7:16724 
336 228 360 487 144 478 200 181 287 168 472 83 249 420 386 42 14 267 367 240 275 8 292 382 37 197 158 149 159 401 459 335 234 297 156 221 9 182 188 269 147 342 349 226 236 90 128 35 55 246 33 279 476 373 399 379 312 140 143 258 137 419 214 323 320 141 13 70 69 154 94 329 334 299 300 479 20 253 145 207 357 242 431 190 280 120 82 166 491 490 289 66 157 378 480 395 105 247 113 413 85 374 436 45 456 266 100 88 
minDistance: 28.7
cost: 91918
capacity: 76620
time: 16724
maxTime: 60000
LS1: 336297/349451
LS2: 4073/13154
LS3: 0/0
shakeIters: 9061
shakeLoops: 902
