8.1:195 8.2:312 8.3:1477 8.4:3346 
445 167 360 263 342 121 18 191 86 11 243 347 174 84 298 406 322 227 426 290 112 409 403 213 54 81 302 27 49 315 244 101 335 106 284 90 122 358 255 239 127 496 374 160 34 288 429 345 204 45 340 113 466 450 182 93 427 293 420 398 146 50 164 254 142 237 479 392 229 88 399 238 330 361 300 415 414 432 17 463 201 304 145 486 181 203 30 370 19 453 465 14 410 400 378 433 280 193 205 368 41 262 210 495 173 119 351 44 246 348 171 481 8 124 
minDistance: 8.4
cost: 90137
capacity: 76183
time: 3346
maxTime: 60000
LS1: 177271/184359
LS2: 1887/7088
LS3: 0/0
shakeIters: 5186
shakeLoops: 513
