8.1:144 8.2:289 8.3:1017 8.4:2045 
479 127 342 193 414 182 88 340 212 315 86 361 399 293 398 238 433 302 429 374 146 171 204 45 81 358 19 227 203 41 345 344 84 14 8 27 181 246 145 106 164 409 50 114 54 186 297 403 481 465 427 486 229 101 392 284 49 121 369 122 160 255 351 410 370 1 237 51 432 385 400 34 119 173 288 167 191 239 360 205 175 406 408 330 492 426 453 18 300 112 24 290 347 29 378 496 368 298 174 420 142 348 113 335 244 44 263 415 280 124 466 210 213 17 
minDistance: 8.4
cost: 89793
capacity: 76093
time: 2045
maxTime: 60000
LS1: 190588/198349
LS2: 1882/7761
LS3: 0/0
shakeIters: 5860
shakeLoops: 582
