8.1:83 8.2:261 8.3:711 8.4:17820 
142 290 164 176 112 127 136 302 54 485 288 146 466 249 186 244 464 30 335 408 437 119 427 403 34 237 49 139 106 330 280 243 11 169 90 14 114 19 201 122 358 351 453 213 17 254 239 474 465 175 414 297 221 81 311 18 212 189 171 420 450 13 182 27 399 193 167 392 368 173 479 486 370 433 93 263 398 432 255 378 44 384 445 496 160 205 246 61 332 204 300 347 410 426 400 88 348 191 140 284 174 86 238 210 409 273 406 360 481 113 315 45 184 41 121 
minDistance: 8.4
cost: 91590
capacity: 76109
time: 17820
maxTime: 60000
LS1: 166228/173256
LS2: 2098/7028
LS3: 0/0
shakeIters: 4913
shakeLoops: 486
