8:76 8.1:183 8.2:311 8.3:870 8.4:41756 
184 400 45 433 406 399 122 351 238 201 398 121 90 164 221 169 262 225 93 239 307 255 427 77 330 437 176 453 454 432 378 30 426 140 424 263 358 347 486 11 146 114 213 136 189 261 127 174 142 210 81 173 280 249 272 49 237 152 191 360 19 243 474 186 18 322 27 112 160 466 98 13 300 244 450 465 408 167 470 17 410 348 63 290 14 485 403 385 335 284 273 464 95 44 368 496 479 88 303 171 246 254 139 332 397 86 370 445 245 204 414 481 420 
minDistance: 8.4
cost: 90918
capacity: 76114
time: 41756
maxTime: 60000
LS1: 166927/174078
LS2: 2044/7151
LS3: 0/0
shakeIters: 5093
shakeLoops: 506
