7.8:28 8.1:116 8.2:192 8.3:1753 8.4:4404 
464 368 113 492 370 429 84 19 358 181 406 403 229 54 378 14 486 44 182 106 7 164 88 322 205 400 61 399 213 433 167 398 93 293 227 465 86 45 415 175 142 263 221 432 246 426 18 24 466 145 302 479 365 1 193 8 414 427 210 122 119 280 315 238 496 112 445 186 347 351 244 160 17 174 101 369 332 408 348 121 146 385 191 344 340 420 345 288 237 300 49 297 284 290 41 239 173 481 392 171 204 298 360 127 114 330 361 34 453 255 27 29 410 409 81 335 
minDistance: 8.4
cost: 90333
capacity: 76090
time: 4404
maxTime: 60000
LS1: 161648/168900
LS2: 2414/7252
LS3: 0/0
shakeIters: 4822
shakeLoops: 479
