8.1:175 8.2:515 8.3:1143 8.4:31179 
403 34 41 315 290 18 450 330 21 127 408 86 427 479 429 433 409 361 121 176 29 17 255 246 284 45 335 311 358 193 254 414 351 181 293 93 81 344 298 113 486 347 345 186 336 237 119 385 19 244 348 399 164 227 88 175 84 300 437 368 370 288 174 210 114 432 400 360 332 398 412 49 24 101 263 410 280 122 27 173 205 239 167 213 212 54 61 406 496 142 415 302 445 378 465 201 112 221 160 464 466 182 204 392 481 14 238 106 184 191 420 426 453 258 229 146 
minDistance: 8.4
cost: 92643
capacity: 76229
time: 31179
maxTime: 60000
LS1: 173742/181398
LS2: 2291/7656
LS3: 0/0
shakeIters: 5347
shakeLoops: 530
