8.2:171 8.3:2133 8.4:7216 
44 238 433 414 340 453 479 244 406 464 280 213 204 400 255 249 146 347 227 119 122 487 239 41 171 335 361 164 432 368 145 344 167 201 191 427 45 315 29 300 288 330 290 19 175 112 24 481 205 127 86 302 450 81 426 173 186 284 193 429 174 351 358 181 88 113 403 106 160 18 49 370 246 8 385 409 61 273 93 360 378 254 212 189 392 420 14 399 237 21 466 34 263 142 221 27 17 445 84 184 465 348 210 408 496 101 398 486 410 182 121 332 54 345 
minDistance: 8.4
cost: 91491
capacity: 76148
time: 7216
maxTime: 60000
LS1: 160105/167218
LS2: 2140/7113
LS3: 0/0
shakeIters: 4955
shakeLoops: 491
