8.1:80 8.2:194 8.3:412 8.4:3091 
351 212 49 369 19 298 406 8 101 113 486 348 432 445 410 18 203 30 398 370 181 27 127 11 400 122 358 495 492 374 399 365 227 119 302 243 429 466 465 244 193 284 496 204 35 280 81 44 315 378 45 335 414 433 173 167 347 342 345 481 426 142 255 239 1 293 210 360 262 463 213 124 415 368 409 17 50 403 14 160 479 290 361 304 246 205 106 145 238 174 164 86 330 51 427 340 392 41 34 112 453 288 191 263 237 121 182 54 300 171 84 229 420 146 88 
minDistance: 8.4
cost: 89371
capacity: 76146
time: 3091
maxTime: 60000
LS1: 183896/191445
LS2: 2236/7549
LS3: 0/0
shakeIters: 5305
shakeLoops: 529
