8:53 8.2:156 8.3:975 8.4:2085 
212 35 167 113 210 300 18 243 127 14 145 410 17 191 81 298 340 255 54 399 204 415 358 368 465 44 466 330 433 453 479 146 347 429 492 106 369 426 365 238 49 244 101 427 84 280 30 213 182 342 45 41 19 345 406 463 227 414 171 160 348 50 124 205 174 121 481 284 495 335 1 246 361 142 304 203 432 290 229 263 173 112 34 403 11 400 409 193 288 496 27 351 164 262 302 181 420 398 374 315 392 445 239 293 51 119 122 378 88 8 486 360 370 86 237 
minDistance: 8.4
cost: 89371
capacity: 76146
time: 2085
maxTime: 60000
LS1: 182682/190221
LS2: 2268/7539
LS3: 0/0
shakeIters: 5257
shakeLoops: 522
