8.2:170 8.3:702 8.4:5489 
30 433 50 18 378 239 302 481 415 360 238 171 51 315 463 255 304 145 122 237 293 445 119 409 465 204 262 263 280 330 44 298 54 229 88 406 227 45 193 124 335 374 11 182 243 114 146 347 348 351 205 398 288 486 284 420 410 212 414 167 81 121 496 392 203 345 399 290 142 174 41 19 191 201 21 86 244 361 14 300 84 429 358 173 342 113 432 8 181 278 101 466 370 246 450 340 213 453 112 127 426 479 210 400 49 254 368 106 403 164 297 427 27 160 34 35 
minDistance: 8.4
cost: 88869
capacity: 76157
time: 5489
maxTime: 60000
LS1: 164917/172111
LS2: 2414/7194
LS3: 0/0
shakeIters: 4763
shakeLoops: 472
