8:74 8.1:205 8.2:452 8.3:702 
221 191 355 204 121 88 392 45 243 229 19 426 255 8 93 370 247 54 344 479 84 332 409 481 49 262 361 497 420 263 408 450 414 315 127 36 415 44 340 427 358 205 180 330 471 173 244 18 237 410 300 34 239 63 403 302 351 464 186 280 298 335 385 368 453 139 400 146 399 477 227 11 27 284 108 445 466 254 182 142 190 345 17 249 398 348 495 14 347 98 90 145 201 238 433 213 7 160 193 297 378 164 171 236 290 228 112 246 432 210 496 406 424 113 167 
minDistance: 8.3
cost: 90070
capacity: 76103
time: 702
maxTime: 60000
LS1: 177417/184791
LS2: 2194/7374
LS3: 0/0
shakeIters: 5166
shakeLoops: 514
