1.9:5 5.4:22 10.1:58 10.2:86 11.5:98 11.6:177 12.1:452 12.4:655 
461 126 161 4 351 256 267 231 38 200 19 141 137 60 251 31 8 74 218 438 143 246 55 27 181 131 208 157 258 412 306 13 250 15 97 269 79 33 472 309 83 42 364 25 207 279 239 190 374 209 87 105 20 312 416 2 178 228 394 90 168 296 119 257 434 145 47 41 114 68 353 313 457 488 403 280 192 274 77 66 408 275 458 478 62 462 397 205 321 191 149 240 335 401 230 476 14 120 297 171 449 154 159 420 319 339 426 346 361 186 341 490 491 379 480 183 156 140 144 
minDistance: 12.4
cost: 63751
capacity: 76499
time: 655
maxTime: 60000
LS1: 95787/111575
LS2: 6509/15788
LS3: 0/0
shakeIters: 9270
shakeLoops: 925
