1.9:5 4.3:14 5.4:24 9.6:58 10.1:68 11:130 11.4:175 11.6:294 12.4:342 
364 436 274 186 77 480 83 488 156 27 33 401 299 137 326 239 188 308 297 434 412 339 296 309 65 478 97 246 114 275 13 119 25 148 420 226 389 431 341 191 141 68 2 251 144 256 56 42 19 8 351 171 335 72 231 183 324 154 140 220 15 157 174 458 207 422 132 457 403 31 47 361 228 181 105 490 257 379 258 491 300 280 353 394 408 286 208 62 87 273 190 350 312 438 319 321 418 279 346 267 126 426 149 356 41 138 38 90 209 60 145 14 269 150 374 131 168 74 66 20 
minDistance: 12.4
cost: 63676
capacity: 76525
time: 342
maxTime: 60000
LS1: 100538/117678
LS2: 8499/17140
LS3: 0/0
shakeIters: 8631
shakeLoops: 861
