1.9:5 4.3:11 5.7:21 7.2:52 9.9:103 10.2:126 11:385 11.4:449 11.5:534 11.6:610 12.4:667 13.5:11015 13.6:16204 
74 8 420 191 250 300 408 83 436 209 418 319 208 186 341 457 87 188 335 478 306 42 286 140 309 394 156 47 245 275 339 148 455 374 14 234 144 462 25 361 385 246 240 207 20 353 230 137 155 205 200 296 2 274 279 13 389 251 258 346 126 256 90 480 269 66 28 344 33 21 97 190 154 31 412 141 183 119 392 145 149 62 131 488 77 143 321 476 403 362 181 458 490 426 231 491 297 38 434 280 171 72 401 469 27 19 326 463 41 218 228 68 312 15 157 150 105 
minDistance: 13.6
cost: 63749
capacity: 76521
time: 16204
maxTime: 60000
LS1: 107413/126119
LS2: 9706/18706
LS3: 0/0
shakeIters: 8986
shakeLoops: 896
