10.1:36 10.2:82 11:261 11.4:334 11.6:432 12.4:441 
120 351 326 105 374 335 205 27 66 245 138 309 256 156 267 357 8 230 2 420 200 403 312 408 246 41 495 220 171 353 191 131 228 207 140 457 319 274 25 462 455 297 361 148 62 359 426 279 438 47 209 476 275 341 90 168 68 190 181 324 240 14 218 250 149 458 42 144 137 161 119 364 490 38 257 362 157 251 87 346 321 300 488 373 141 74 97 431 313 339 20 491 258 259 186 344 31 33 412 60 126 19 208 280 395 18 183 89 145 150 13 231 83 72 269 401 286 154 478 167 480 
minDistance: 12.4
cost: 63749
capacity: 76523
time: 441
maxTime: 60000
LS1: 95289/112569
LS2: 8098/17280
LS3: 0/0
shakeIters: 9174
shakeLoops: 915
