5.4:6 8:24 10.2:42 11:65 11.4:70 12.4:126 
14 491 77 297 124 97 397 31 308 279 228 87 438 379 186 280 154 257 33 20 27 478 480 2 350 259 209 171 267 41 15 359 156 434 8 66 306 188 176 426 394 137 436 143 72 119 331 140 183 269 205 488 68 338 362 250 286 25 335 312 145 13 42 218 275 457 449 131 208 62 403 346 351 191 344 19 126 207 83 251 490 181 361 74 412 374 246 120 60 353 341 144 472 105 435 324 319 90 376 339 141 4 47 79 168 273 364 401 256 149 420 230 462 200 408 258 458 356 321 190 38 148 231 495 
minDistance: 12.4
cost: 63633
capacity: 76495
time: 126
maxTime: 60000
LS1: 103114/120164
LS2: 8062/17050
LS3: 0/0
shakeIters: 8981
shakeLoops: 897
