6.9:20 8.5:38 9.6:59 10.2:132 11.3:169 11.4:264 11.5:510 11.6:1058 11.7:1090 12.1:1406 12.4:1989 
131 143 144 300 137 205 313 209 33 218 20 42 351 339 60 258 319 145 478 364 27 148 275 401 97 318 374 361 154 324 161 245 403 207 158 4 190 269 19 8 74 458 256 251 408 280 488 156 220 90 418 72 25 267 490 341 335 31 140 320 312 246 441 326 120 83 18 480 66 62 297 362 250 181 257 68 230 231 457 157 38 412 306 286 183 438 353 420 13 149 34 379 171 192 462 14 2 200 346 228 279 168 394 343 426 87 176 150 397 186 105 296 191 41 491 196 476 321 47 119 
minDistance: 12.4
cost: 63769
capacity: 76515
time: 1989
maxTime: 60000
LS1: 98096/115485
LS2: 8417/17389
LS3: 0/0
shakeIters: 8959
shakeLoops: 894
