5.4:14 5.5:34 7.2:73 9.9:115 10.2:122 10.3:142 11.4:278 11.5:293 11.6:740 12.1:1272 12.4:1283 
258 350 97 457 144 240 286 279 196 33 324 335 230 420 181 319 218 441 105 47 208 14 19 269 293 60 256 359 141 2 300 209 297 257 488 338 274 426 18 408 374 412 183 31 478 211 239 273 120 491 490 191 306 65 157 403 20 200 275 250 74 379 77 339 25 280 372 401 462 344 8 171 13 321 312 205 346 119 186 251 27 140 458 145 150 207 143 38 356 68 438 341 62 149 394 131 83 361 41 156 168 72 42 66 159 246 296 231 364 353 137 228 138 90 362 154 190 126 267 480 
minDistance: 12.4
cost: 63658
capacity: 76528
time: 1283
maxTime: 60000
LS1: 96107/113768
LS2: 8924/17661
LS3: 0/0
shakeIters: 8725
shakeLoops: 869
