5.4:8 7.5:34 8.5:190 10.2:215 11:227 11.4:298 12.4:318 
141 363 374 105 309 392 90 296 231 72 321 306 406 280 83 273 269 126 66 339 359 41 208 183 312 490 344 174 77 297 2 38 274 258 209 299 267 335 256 246 286 357 422 308 186 144 148 13 403 356 31 131 420 145 228 488 15 257 361 491 140 483 25 412 156 14 87 168 27 401 457 19 171 364 65 74 426 114 18 42 239 192 200 379 149 20 341 137 47 480 120 190 68 188 97 275 62 353 300 95 458 157 251 226 394 150 319 408 346 478 207 8 164 119 33 279 351 252 218 181 
minDistance: 12.4
cost: 63776
capacity: 76561
time: 318
maxTime: 60000
LS1: 95629/112293
LS2: 7889/16664
LS3: 0/0
shakeIters: 8767
shakeLoops: 875
