6.4:6 6.5:29 6.6:131 6.7:180 7:229 7.1:1213 
35 430 145 173 194 419 381 272 311 493 134 464 265 499 222 500 72 159 331 82 322 320 323 131 263 494 89 230 374 479 346 166 335 151 337 156 109 276 457 63 486 287 487 324 423 28 115 234 488 219 473 30 465 5 481 238 290 36 446 178 353 450 378 370 2 463 140 174 138 186 58 364 167 74 215 126 104 62 339 148 150 336 60 211 106 21 102 160 33 116 282 389 153 209 288 1 305 76 80 191 176 498 65 355 155 99 453 8 139 69 37 382 64 332 49 421 56 474 449 475 347 51 98 32 61 404 489 38 158 442 251 73 
minDistance: 7.1
cost: 65743
capacity: 79500
time: 1213
maxTime: 60000
LS1: 53003/64098
LS2: 5380/11095
LS3: 0/0
shakeIters: 5702
shakeLoops: 567
