6.5:15 6.6:28 6.9:53 7:378 7.1:488 
420 272 331 28 370 378 324 5 37 210 120 292 396 493 1 186 112 222 150 352 277 159 230 473 260 215 437 336 320 138 353 156 58 195 290 389 364 166 478 89 33 263 442 88 287 238 265 54 471 421 223 486 251 231 30 76 311 116 115 423 154 124 62 495 145 64 347 304 382 102 322 498 489 151 38 125 148 3 465 99 234 36 21 32 373 160 332 109 487 134 463 305 221 355 323 2 276 365 60 69 173 80 475 453 61 63 72 91 131 126 155 271 282 209 158 488 258 296 500 51 104 450 202 73 479 139 419 339 106 371 174 469 481 446 
minDistance: 7.1
cost: 65733
capacity: 79516
time: 488
maxTime: 60000
LS1: 61534/74104
LS2: 6646/12570
LS3: 0/0
shakeIters: 5915
shakeLoops: 589
