6.1:6 6.4:30 6.6:47 6.7:98 6.8:175 6.9:185 7:204 7.1:898 
404 478 382 5 223 396 323 304 355 173 69 290 62 475 30 347 154 102 463 292 186 209 116 238 80 73 296 378 194 311 20 126 474 440 225 139 109 336 150 263 32 276 2 453 364 488 21 389 469 230 36 159 365 61 265 65 138 215 158 124 58 398 421 60 76 147 481 489 98 174 335 103 332 287 446 134 155 374 37 195 498 51 493 3 177 160 125 97 320 38 222 487 28 353 373 104 479 148 305 277 115 88 473 221 167 423 442 63 231 430 324 272 106 394 99 445 268 450 66 1 145 352 331 282 156 271 495 72 64 54 419 176 251 
minDistance: 7.1
cost: 65768
capacity: 79493
time: 898
maxTime: 60000
LS1: 64456/76497
LS2: 5945/12041
LS3: 0/0
shakeIters: 6084
shakeLoops: 606
