6.3:9 6.4:14 6.5:38 6.6:74 6.8:91 6.9:160 7:288 7.1:2197 
311 109 416 352 37 103 186 290 347 365 336 151 463 176 374 420 150 287 486 174 102 419 62 320 219 231 221 282 209 125 265 378 272 442 1 421 2 453 104 158 234 202 353 74 65 148 51 446 38 211 58 63 382 155 381 230 82 36 493 500 498 332 33 139 73 364 61 355 76 154 106 305 160 8 28 131 116 457 32 80 35 473 324 396 112 138 487 465 69 423 140 173 167 64 60 210 159 126 370 30 89 260 488 156 5 389 236 263 322 238 3 464 215 450 115 222 271 21 134 323 251 475 147 479 481 331 153 
minDistance: 7.1
cost: 65736
capacity: 79515
time: 2197
maxTime: 60000
LS1: 63361/74754
LS2: 4937/11393
LS3: 0/0
shakeIters: 6441
shakeLoops: 640
