6.5:17 6.9:91 7:213 7.1:611 7.2:39030 
469 404 287 33 167 126 394 173 202 337 28 251 159 382 346 72 489 76 464 156 305 186 445 481 58 5 473 104 99 374 51 109 378 373 442 60 160 8 176 155 148 124 364 450 191 116 463 194 493 106 230 365 54 49 131 440 215 201 324 265 139 488 479 151 276 174 277 89 421 419 150 323 498 69 32 2 36 336 145 320 98 222 487 38 304 37 134 138 263 332 495 446 475 61 423 296 465 1 97 272 311 21 231 347 30 389 234 355 64 353 453 55 292 177 221 62 209 478 115 158 238 331 73 282 80 63 
minDistance: 7.2
cost: 65753
capacity: 79500
time: 39030
maxTime: 60000
LS1: 58100/69182
LS2: 4241/11082
LS3: 0/0
shakeIters: 6827
shakeLoops: 680
