6.4:6 6.5:16 6.7:60 6.9:106 7:328 7.1:13571 
160 194 331 73 378 202 38 51 138 109 156 36 296 494 421 139 488 445 287 80 234 374 373 13 61 134 272 463 151 126 336 423 365 159 222 62 186 28 104 465 221 398 389 21 76 155 475 116 469 474 263 487 442 97 147 98 351 311 177 481 238 124 55 265 324 292 364 148 276 500 282 5 176 473 74 370 58 125 489 382 453 493 60 167 72 174 30 173 450 495 69 150 347 479 251 305 419 339 355 37 115 33 323 178 154 215 63 353 99 396 64 106 131 332 89 320 231 498 32 290 446 166 8 230 
minDistance: 7.1
cost: 65746
capacity: 79538
time: 13571
maxTime: 60000
LS1: 58869/70556
LS2: 4269/11687
LS3: 0/0
shakeIters: 7406
shakeLoops: 738
