6.4:11 6.5:55 6.6:72 6.9:113 7:196 7.1:3566 
5 69 32 498 442 464 155 419 64 364 173 60 186 151 423 337 176 115 139 479 374 167 215 421 174 225 335 487 320 89 446 148 106 396 131 124 346 238 489 160 450 72 365 38 58 355 475 495 209 404 332 158 311 33 51 222 465 469 463 230 116 76 268 2 353 126 98 154 166 74 221 147 382 1 201 231 370 156 292 145 488 102 453 378 265 272 389 159 138 61 150 323 336 134 36 277 445 398 481 331 282 28 97 30 478 62 251 440 263 276 473 493 177 373 94 305 8 347 21 80 37 194 324 109 73 104 296 63 287 
minDistance: 7.1
cost: 65762
capacity: 79597
time: 3566
maxTime: 60000
LS1: 64692/75900
LS2: 4102/11208
LS3: 0/0
shakeIters: 7094
shakeLoops: 707
