5.7:7 6.4:17 6.5:29 6.7:90 6.9:116 7:266 7.1:481 7.2:13976 
8 481 215 475 463 498 28 150 311 346 69 168 160 139 202 464 72 124 423 134 450 155 61 177 156 488 263 469 1 364 176 109 138 419 60 33 76 382 231 209 465 154 238 440 323 453 167 479 116 234 97 63 13 148 2 353 421 230 287 174 5 332 305 21 51 32 337 54 473 320 389 489 296 347 495 191 258 151 173 442 225 104 355 166 64 398 99 49 378 446 30 373 73 439 80 194 352 251 89 282 222 370 102 58 265 37 324 186 98 292 159 374 126 276 36 38 474 493 331 272 106 445 487 221 404 115 62 365 65 
minDistance: 7.2
cost: 65775
capacity: 79492
time: 13976
maxTime: 60000
LS1: 55631/66276
LS2: 4687/10645
LS3: 0/0
shakeIters: 5939
shakeLoops: 591
