6.5:17 6.6:50 6.9:56 7:128 7.1:370 
370 398 148 277 396 276 353 474 69 147 225 373 296 221 166 134 311 106 28 265 238 498 336 419 486 73 33 76 352 355 292 263 74 30 115 347 32 324 162 64 290 99 186 1 421 335 469 230 493 479 26 155 305 63 374 475 463 378 382 322 465 126 176 337 323 453 60 51 62 320 495 488 8 21 167 464 138 109 442 160 145 255 282 5 210 131 150 116 173 159 365 256 191 389 364 473 37 104 260 332 209 481 80 446 287 124 215 222 272 72 478 61 139 158 36 487 156 420 174 38 151 2 460 231 331 268 423 58 89 102 
minDistance: 7.1
cost: 65755
capacity: 79496
time: 370
maxTime: 60000
LS1: 54044/65411
LS2: 4631/11367
LS3: 0/0
shakeIters: 6726
shakeLoops: 670
