6.4:12 6.5:24 6.6:137 6.7:165 6.9:185 7:263 7.1:1566 
99 115 155 178 202 32 28 63 493 65 500 73 2 215 173 58 336 186 222 263 389 145 80 442 156 76 292 33 116 287 465 373 159 323 109 209 64 194 365 423 131 106 495 311 305 154 231 98 150 168 60 124 489 134 272 49 320 498 382 174 404 422 251 102 282 62 331 494 481 474 268 36 61 69 89 238 398 364 337 296 37 347 5 160 419 473 139 304 486 487 370 265 488 450 30 446 374 479 8 138 258 346 276 126 21 208 421 355 453 230 38 104 353 463 147 322 332 1 167 151 378 72 469 54 51 475 176 464 
minDistance: 7.1
cost: 65776
capacity: 79511
time: 1566
maxTime: 60000
LS1: 58213/70039
LS2: 4607/11826
LS3: 0/0
shakeIters: 7207
shakeLoops: 718
