6.7:34 6.9:100 7:236 7.1:4471 
139 419 223 202 1 131 282 493 339 488 160 260 478 109 373 51 173 222 38 481 36 72 332 215 276 60 156 336 37 323 479 2 272 166 28 76 378 32 124 370 453 73 64 62 292 145 211 421 167 498 287 151 494 396 138 99 8 102 500 80 423 352 116 150 347 186 65 364 140 221 174 58 177 389 355 365 115 320 487 69 353 311 89 469 147 445 26 382 465 5 30 230 251 126 154 104 420 209 82 210 231 450 234 331 406 475 305 74 134 159 3 176 374 473 148 219 106 238 464 265 474 263 442 97 463 63 446 
minDistance: 7.1
cost: 65768
capacity: 79498
time: 4471
maxTime: 60000
LS1: 67513/79459
LS2: 4662/11946
LS3: 0/0
shakeIters: 7273
shakeLoops: 724
