6.5:12 6.6:28 6.7:58 6.9:106 7:119 7.1:404 
124 30 500 231 487 139 374 474 287 222 147 336 271 331 292 115 486 263 238 80 221 159 479 178 296 265 495 73 173 320 268 99 335 32 187 251 166 1 346 54 174 355 89 230 176 209 58 65 76 156 154 282 423 465 109 473 322 290 155 151 373 364 421 55 56 442 194 64 488 365 2 28 148 186 446 324 481 37 378 150 168 323 305 430 51 370 21 8 134 104 276 61 419 60 450 347 63 475 382 353 215 498 138 126 311 62 98 38 389 272 160 5 85 337 463 36 469 33 332 227 453 116 106 493 464 167 49 72 13 
minDistance: 7.1
cost: 65774
capacity: 79509
time: 404
maxTime: 60000
LS1: 54099/65841
LS2: 4775/11742
LS3: 0/0
shakeIters: 6956
shakeLoops: 693
