4.7:14 5.2:25 5.3:72 6.2:100 8:172 8.9:207 
223 116 67 46 262 208 259 263 341 58 464 92 130 202 12 441 491 309 303 382 414 269 72 172 434 236 308 138 217 178 327 83 128 231 173 158 241 183 222 426 322 273 255 472 224 312 123 358 139 73 180 356 60 230 258 294 363 443 428 270 364 425 136 265 455 132 16 370 176 244 311 254 287 335 412 101 485 48 191 43 286 214 474 326 87 325 494 112 179 252 137 34 232 82 392 193 37 66 52 185 316 61 127 375 393 463 225 418 212 23 13 359 53 32 476 495 401 320 140 184 205 198 97 421 385 181 481 355 24 310 174 
minDistance: 8.9
cost: 61469
capacity: 74590
time: 207
maxTime: 60000
LS1: 77921/93629
LS2: 6573/15708
LS3: 0/0
shakeIters: 9128
shakeLoops: 910
