4.7:21 5.6:57 5.7:72 6.2:77 6.4:86 6.6:158 8.3:178 8.4:200 8.7:227 8.9:859 9.3:45766 9.4:52728 9.6:56460 
37 370 212 385 425 308 464 92 224 180 138 487 335 262 179 183 136 381 343 205 222 322 393 263 459 401 272 325 110 417 364 208 174 173 46 258 321 455 441 181 488 270 172 422 341 303 358 191 259 140 202 389 178 443 421 109 495 225 315 32 450 43 320 101 375 2 316 23 127 434 309 66 52 123 310 137 241 53 67 472 83 232 72 494 185 418 312 252 363 16 359 255 326 463 476 231 128 130 398 73 214 382 48 244 34 158 58 193 176 12 170 230 426 132 294 286 414 388 198 184 87 61 60 485 444 
minDistance: 9.6
cost: 61469
capacity: 74607
time: 56460
maxTime: 60000
LS1: 68695/85098
LS2: 6459/16403
LS3: 0/0
shakeIters: 9930
shakeLoops: 991
