4.7:10 5.2:40 5.3:59 5.6:69 5.7:82 6.2:164 6.6:560 7.1:1245 8.4:1342 8.7:1828 8.9:2332 9.3:18019 9.4:18772 9.6:21395 
385 472 389 427 364 87 303 173 72 428 208 326 335 322 110 184 375 359 130 60 183 494 222 425 46 179 287 53 224 61 241 316 232 174 418 486 444 16 263 92 244 421 48 23 262 321 255 83 185 182 37 294 101 128 178 343 344 73 474 312 32 341 198 401 363 325 127 308 434 487 140 58 259 320 34 314 212 123 491 231 367 358 309 476 217 273 310 455 393 485 138 495 488 381 203 172 463 202 286 443 441 116 382 43 270 464 370 82 52 417 137 12 2 205 181 67 223 225 132 388 315 180 214 230 158 258 414 
minDistance: 9.6
cost: 61438
capacity: 74600
time: 21395
maxTime: 60000
LS1: 73803/89987
LS2: 6691/16184
LS3: 0/0
shakeIters: 9475
shakeLoops: 944
