2.1:5 4.7:18 5.2:35 5.3:58 5.6:111 6.2:192 6.4:540 8.4:550 8.7:697 8.8:714 8.9:721 9.4:938 9.6:1733 
136 52 270 366 198 112 178 443 92 294 24 154 495 341 320 179 66 287 370 241 441 212 145 222 263 317 425 203 58 96 87 255 453 321 418 140 48 183 116 137 208 67 494 422 130 138 472 440 487 214 2 343 53 359 303 110 127 176 476 82 335 375 421 322 146 259 358 474 132 464 224 172 180 385 220 363 23 367 388 34 231 43 12 59 16 184 37 32 309 312 73 158 60 182 200 258 227 232 193 455 286 46 316 185 488 310 428 61 414 181 173 174 101 485 225 325 262 401 326 252 434 205 364 244 170 393 13 463 230 389 
minDistance: 9.6
cost: 61474
capacity: 74611
time: 1733
maxTime: 60000
LS1: 83473/100363
LS2: 7710/16890
LS3: 0/0
shakeIters: 9167
shakeLoops: 914
