4.7:8 5.2:37 5.6:49 6.2:199 8.7:266 8.9:538 9.1:42287 9.3:42441 9.6:43860 
425 444 463 185 217 200 183 322 364 398 230 240 153 214 109 48 272 320 273 193 252 262 32 321 2 224 434 417 316 341 13 393 174 203 259 370 294 180 343 178 12 317 443 363 232 16 34 309 176 441 325 82 255 179 116 222 455 208 205 140 231 359 258 212 184 388 270 67 37 172 198 385 83 120 101 73 414 132 58 401 464 61 335 60 485 46 138 290 164 326 225 488 181 23 472 168 72 426 241 130 113 310 158 202 494 43 66 440 87 263 421 435 244 53 340 173 122 495 476 312 127 299 389 303 128 286 52 315 375 487 358 
minDistance: 9.6
cost: 61469
capacity: 74589
time: 43860
maxTime: 60000
LS1: 71883/88635
LS2: 7514/16752
LS3: 0/0
shakeIters: 9227
shakeLoops: 920
