4.7:20 5.2:42 6.2:59 7.6:438 8.7:672 8.9:811 9.3:23838 9.6:25365 
179 417 60 174 434 178 230 309 76 259 2 176 172 12 138 220 363 262 418 180 198 422 208 224 476 335 59 263 358 463 83 225 200 286 181 127 34 137 440 388 414 486 472 212 488 203 205 258 97 191 184 425 112 343 370 312 277 53 485 61 311 441 344 101 393 132 241 487 494 158 270 284 185 232 183 385 202 421 464 314 217 136 445 317 401 252 73 72 37 116 214 326 128 87 375 46 495 320 341 23 428 321 389 287 231 273 450 58 164 48 173 32 130 310 336 325 244 52 82 443 316 272 364 294 474 146 359 255 43 16 455 303 140 222 322 
minDistance: 9.6
cost: 61439
capacity: 74647
time: 25365
maxTime: 60000
LS1: 80945/96917
LS2: 7005/15972
LS3: 0/0
shakeIters: 8957
shakeLoops: 893
