4.7:8 5.2:30 5.6:64 8.5:114 8.7:119 8.9:215 9.6:8007 
116 173 230 488 217 172 316 262 270 495 128 43 343 450 474 425 184 113 444 12 491 326 67 393 16 341 294 464 2 83 364 180 322 290 259 37 127 132 158 263 441 485 417 414 212 66 174 385 205 108 421 311 273 340 426 443 363 370 325 244 140 303 455 472 58 185 401 223 312 241 181 178 494 214 388 255 200 46 73 359 240 72 320 224 136 315 176 286 179 231 310 309 198 53 183 398 382 376 487 225 375 110 138 82 321 87 130 23 34 258 123 220 476 13 389 202 137 434 272 252 358 70 52 32 284 453 463 232 287 101 335 61 48 60 410 208 
minDistance: 9.6
cost: 61428
capacity: 74600
time: 8007
maxTime: 60000
LS1: 80667/97726
LS2: 7986/17059
LS3: 0/0
shakeIters: 9065
shakeLoops: 904
