4.7:14 8.4:46 8.5:72 8.7:82 8.8:95 8.9:110 
384 459 294 226 476 83 184 92 312 241 335 46 382 364 140 173 287 259 326 322 130 472 430 244 43 286 2 23 58 101 137 455 491 398 120 263 363 232 494 310 198 485 272 316 495 212 388 227 370 127 414 434 343 222 231 325 72 441 88 265 87 421 481 179 205 220 488 16 303 206 176 60 180 66 224 48 284 487 52 453 444 76 344 277 473 474 82 230 359 308 158 217 418 34 183 401 116 12 309 53 464 375 174 37 320 208 123 181 463 255 203 258 178 425 138 61 73 270 366 358 252 341 132 223 321 185 385 225 136 428 32 
minDistance: 8.9
cost: 61456
capacity: 74599
time: 110
maxTime: 60000
LS1: 68266/85028
LS2: 7920/16762
LS3: 0/0
shakeIters: 8835
shakeLoops: 882
