6.2:14 6.3:26 8.3:465 8.4:477 8.7:652 8.9:770 
60 495 224 312 488 388 269 182 315 303 476 116 191 335 232 136 72 127 108 227 2 173 459 230 226 494 286 32 88 380 130 366 212 208 183 137 370 158 43 474 52 73 472 485 33 421 393 294 341 176 344 198 123 179 316 382 321 185 322 138 222 132 174 181 241 200 48 464 343 486 450 277 61 16 385 418 131 120 410 243 180 359 358 34 58 12 67 320 263 455 101 178 37 375 184 164 87 309 325 92 53 443 441 434 363 70 414 258 220 272 205 389 83 255 265 487 364 225 481 82 444 46 231 140 244 310 259 273 217 113 401 326 23 463 
minDistance: 8.9
cost: 61473
capacity: 74653
time: 770
maxTime: 60000
LS1: 70801/87263
LS2: 7849/16462
LS3: 0/0
shakeIters: 8606
shakeLoops: 859
