2.1:8 4.7:28 5.2:58 5.6:111 6.2:392 6.6:638 8.4:726 8.8:840 8.9:926 
185 370 183 294 132 375 46 428 269 53 184 176 222 311 326 425 223 224 130 181 263 127 16 358 212 87 316 483 123 37 33 309 43 494 198 393 270 485 58 82 23 364 272 443 227 140 60 459 474 287 173 231 131 314 286 495 32 244 441 262 359 73 179 284 205 486 241 366 158 472 481 320 410 385 455 382 2 464 83 12 258 13 180 434 101 303 325 14 52 401 444 422 178 217 389 488 259 414 191 48 310 193 174 341 34 225 137 138 343 476 72 308 265 70 321 208 418 322 487 315 363 421 255 388 61 335 172 463 232 214 
minDistance: 8.9
cost: 61447
capacity: 74589
time: 926
maxTime: 60000
LS1: 63692/80662
LS2: 7796/16970
LS3: 0/0
shakeIters: 9164
shakeLoops: 912
