2.7:17 4.7:29 5.2:37 5.6:50 6.2:117 7.6:356 8:545 8.3:553 8.7:566 8.8:1678 8.9:3936 
303 58 230 127 450 178 12 364 130 325 23 212 418 193 308 252 474 97 138 443 73 359 335 425 225 455 315 183 494 286 214 389 181 475 154 487 255 191 140 231 59 341 380 400 485 488 258 198 358 312 123 427 37 441 472 321 481 224 270 423 16 316 43 184 377 265 310 401 414 366 388 60 259 101 476 385 356 269 272 174 223 61 495 370 227 463 67 33 263 10 179 232 52 262 53 170 46 208 87 132 120 273 363 32 244 72 320 434 205 343 326 241 185 382 180 45 83 294 375 421 116 34 158 309 119 48 137 
minDistance: 8.9
cost: 61451
capacity: 74595
time: 3936
maxTime: 60000
LS1: 66769/83677
LS2: 7560/16908
LS3: 0/0
shakeIters: 9336
shakeLoops: 932
