4.7:17 5.6:75 6.2:156 8.7:215 8.9:300 9.3:45185 9.4:45493 9.6:46894 
178 58 294 389 284 174 66 48 474 185 232 322 363 364 87 34 410 140 312 414 220 208 224 214 258 16 191 212 273 418 202 82 488 310 46 96 358 2 184 52 359 244 223 97 370 440 286 421 179 173 456 225 495 128 138 272 422 476 335 193 145 205 434 60 12 485 270 320 101 375 73 222 181 132 137 241 325 487 459 443 238 180 321 472 309 398 494 43 259 198 303 13 317 176 326 464 263 127 441 116 183 59 341 14 287 158 425 445 231 385 172 146 463 417 32 388 455 37 255 92 83 428 67 23 262 217 53 112 252 61 316 200 130 401 
minDistance: 9.6
cost: 61474
capacity: 74592
time: 46894
maxTime: 60000
LS1: 75584/92353
LS2: 7871/16769
LS3: 0/0
shakeIters: 8889
shakeLoops: 886
