1.66403:181 1.71835:369 1.85998:470 1.98895:824 2.01045:1118 2.29791:6684 2.34972:6932 2.35822:7058 2.37437:7321 2.38619:7597 2.40177:7905 2.43976:8199 2.4408:14617 2.44639:14960 2.4727:20024 2.48429:20305 2.50809:51617 2.52136:54009 2.53058:58395 
1047 667 1827 107 1465 1786 1964 1596 1745 460 1779 1273 535 556 1721 304 637 1730 1588 136 647 821 437 1165 1446 1569 515 1668 364 785 1020 674 1976 1320 1533 1487 1563 972 1119 1597 1350 23 1966 1822 1131 1100 954 82 1082 1826 912 115 773 467 164 252 8 1844 1154 760 946 66 774 787 841 100 1211 285 1495 219 1551 340 699 1663 328 953 963 1303 1225 1086 1789 1696 673 385 184 1828 649 384 1192 1665 27 251 723 641 1885 1562 764 530 93 130 13 669 1847 1053 139 778 283 1136 376 1200 492 261 1829 965 462 1222 1464 901 1106 290 984 415 1633 1726 438 793 1743 1 94 1250 113 1354 1935 1797 847 212 585 1409 1036 1190 282 306 1107 732 1771 1894 365 1181 1502 318 1625 643 276 264 1814 1853 1594 1736 1706 201 1017 1764 1059 1232 1105 748 1680 416 761 1184 190 964 1951 1904 31 60 932 178 1114 834 179 1278 775 1707 520 1033 1975 687 1485 17 708 1784 176 619 1851 446 1384 488 183 1453 1095 172 214 1808 824 1346 1253 1316 1083 1584 1632 218 962 830 844 187 961 1882 503 645 1191 332 801 721 1032 1337 1414 1556 853 895 379 483 431 1574 1419 1763 168 1282 118 1984 68 1497 565 642 1183 698 510 1933 234 1801 1218 38 1530 1034 880 1731 623 1527 896 1067 815 666 1692 1347 1368 493 1709 1369 1240 1054 1142 1913 881 1630 1118 1974 979 1144 1932 1849 1902 1193 459 247 782 1245 1479 1030 1449 1500 704 143 211 1938 553 1825 499 1755 248 1401 1219 709 1805 1087 1959 1662 1971 681 865 590 1150 522 1288 1526 158 1813 238 233 1043 1275 1040 417 241 1151 244 410 888 1889 1606 1317 126 985 1235 1255 547 835 1598 1478 1457 933 486 169 1783 263 1544 1525 908 1092 1619 316 1695 1616 1433 161 322 1794 630 1298 1306 1667 260 754 191 781 808 506 614 175 112 1653 1339 1980 220 757 559 44 480 1139 1624 1670 1242 1009 1003 6 49 606 1842 1238 1202 613 570 165 498 745 174 1438 73 1079 1361 1050 1664 1865 1585 89 1031 505 1926 551 662 39 1121 1862 705 1125 1660 371 1587 1548 1540 344 1091 155 831 1790 1917 1734 1961 1333 658 539 1006 861 380 846 1644 1659 1271 292 254 1766 715 1160 1340 950 624 90 600 1494 1593 198 1656 1468 1251 1798 1463 401 660 818 1297 1386 1081 873 134 976 1888 991 1600 1517 1910 1294 1292 412 1375 657 185 1831 374 1126 939 1753 1127 194 1084 572 1143 1470 1684 1623 1448 868 195 59 814 751 742 759 1506 1722 489 1366 1014 300 1194 1742 1276 1413 223 192 51 675 114 1024 1355 348 1733 545 1244 989 
minDistance: 2.53058
cost: 246719
capacity: 298755
time: 58395
maxTime: 60000
LS1: 6590/7913
LS2: 782/1323
LS3: 0/0
shakeIters: 522
shakeLoops: 49
