1.66403:207 1.85377:582 1.85998:1215 2.00193:1509 2.01045:1735 2.28119:2947 2.28539:3074 2.35822:3394 2.38619:23348 2.43976:27871 2.44639:34876 2.45121:40654 2.50117:41123 2.51918:45008 2.53321:55229 
1653 1245 328 348 24 1594 642 1238 912 1006 1711 1382 1043 1554 1495 761 1784 187 1955 721 537 710 691 431 793 1244 493 1082 1181 846 888 1154 1385 212 844 483 547 825 522 1695 90 17 1801 220 1487 316 195 1813 1584 1885 1888 1731 1045 1706 251 1339 1368 38 1515 247 73 1606 1448 1902 1076 1600 1587 1770 161 1183 1987 112 1333 1680 420 238 1616 194 1790 222 984 1271 1340 901 1225 1745 1730 164 1882 1228 250 635 821 1163 1825 1791 1459 306 1721 510 410 1571 1200 1980 1988 1032 520 68 1193 962 1419 1797 754 1409 1142 1438 1548 1186 31 175 570 437 1392 1865 1569 1627 1251 1242 619 641 1894 1828 1904 823 1544 778 113 1214 1059 1192 1255 393 557 498 1950 114 637 1796 374 49 687 168 1827 165 1659 1959 227 401 1635 775 1684 1868 745 1726 365 1135 732 620 39 939 908 1753 1300 985 1814 1347 1345 1144 1167 27 1273 1935 1250 1453 1282 658 1073 666 503 1009 1426 1360 264 1625 1463 623 916 1667 1231 767 1966 853 214 487 285 1632 1585 763 1849 93 1378 1079 84 551 1298 1596 234 880 1502 1105 1131 1020 183 1540 1783 379 847 1619 896 178 1853 1353 1211 1384 1533 10 1598 1083 989 12 1095 1578 614 800 1411 1125 304 954 3 824 1372 1656 1256 1086 1696 13 260 1665 169 32 66 283 223 673 649 1294 506 1644 873 813 1386 976 384 1562 1202 126 674 1303 940 742 790 953 1311 1926 329 836 1279 1130 1160 1413 841 1938 1017 1991 1237 434 1668 1033 1500 961 158 1092 1941 1100 871 1126 1689 1556 1464 417 1975 59 657 1971 1031 15 123 1218 1862 1107 865 868 1346 708 1910 1842 292 131 1053 219 473 773 835 1106 1622 1150 136 94 100 1766 681 467 1831 480 608 1670 1789 698 831 709 82 1350 1733 609 1209 764 1976 499 1316 1506 1205 460 536 1974 572 340 290 1964 198 590 1707 276 1024 669 704 655 134 606 801 1624 723 218 130 613 1067 1826 1662 1913 1196 1115 869 210 924 1191 1526 1143 1292 1743 1263 1527 364 412 81 1485 647 1114 643 535 759 781 1449 1432 1375 787 769 78 1932 89 1939 254 1121 1295 1593 492 830 190 211 1479 1833 174 530 515 1040 1478 556 173 553 808 488 715 1361 23 1401 6 1851 192 241 622 1805 565 1151 662 1494 249 946 1232 118 1999 380 1189 1119 1087 1623 1734 1798 459 261 371 1736 172 559 1249 585 322 1538 861 895 1118 1525 1366 1497 546 233 1253 748 179 1468 1054 1466 332 1794 1465 1586 1219 749 1829 667 1306 611 252 1190 446 60 1050 683 184 932 318 1633 1240 933 834 705 881 191 244 736 1917 269 206 814 1621 1848 505 1297 415 1768 143 1136 1951 965 1275 44 
minDistance: 2.53321
cost: 246761
capacity: 298737
time: 55229
maxTime: 60000
LS1: 7506/8744
LS2: 707/1238
LS3: 0/0
shakeIters: 516
shakeLoops: 48
