1.66403:144 1.71835:904 1.97185:1306 2.00193:1456 2.01045:2021 2.0408:3074 2.29791:3717 2.39075:4505 2.42718:4602 2.43976:4737 2.44639:4925 
699 1976 1461 503 1722 760 493 1118 1721 1003 1851 123 1971 1604 1697 380 1904 658 1656 546 775 1540 698 14 1144 1386 1006 1801 1413 662 143 1695 327 619 781 198 178 292 160 260 194 185 38 483 525 1230 1350 1596 1250 1663 1485 363 1771 24 1848 565 6 158 1303 1706 961 1126 1125 1527 643 48 1077 1696 1664 1693 1554 715 175 84 751 1667 945 49 1853 1419 1106 136 322 1086 1157 572 19 1743 290 1495 257 1885 673 1481 115 1828 1338 977 51 1459 1798 1059 241 1448 1941 1593 254 1183 17 161 1219 545 1100 1913 844 1659 1938 650 522 1588 422 1478 379 1320 1139 1031 953 1984 480 364 1888 1087 614 1966 1304 510 896 1842 244 1240 1014 1625 1000 368 1211 984 416 384 1316 183 1 625 1166 1894 821 459 251 1082 155 328 1951 32 497 1862 1092 1868 1652 1552 773 1034 979 587 1740 1369 330 1384 1075 865 997 1790 950 60 285 446 190 1091 1470 1644 1449 1518 68 1463 252 1813 498 1039 1544 1238 64 1222 1017 1662 1083 89 1261 222 1797 897 515 1917 1755 129 442 909 637 1882 324 467 192 1980 400 1340 1300 1533 261 709 434 1494 151 39 1709 1556 415 176 761 1753 489 1167 590 1599 238 714 939 1988 432 1854 1135 437 1337 174 831 785 165 908 1530 553 1830 723 1731 1009 170 1024 13 664 1245 520 708 1438 1067 1200 1105 787 769 608 880 1453 1464 1734 1563 410 218 1050 759 276 623 1616 705 1278 1619 1597 126 606 1333 1958 868 1465 691 264 570 417 808 1641 1627 486 888 1079 1796 742 371 247 965 367 1670 112 1741 833 1273 1814 90 1107 168 552 748 93 1584 306 1297 745 1275 1623 1955 1953 1784 169 431 824 1954 1193 1477 1244 1235 332 778 1181 408 1825 413 187 642 1910 1606 704 1225 1142 932 1271 23 86 1462 173 1361 1479 1484 539 989 1668 1805 657 721 1736 1578 316 1502 1926 559 41 1826 754 492 813 114 1551 1677 641 1073 530 669 107 1621 35 1030 1288 1745 1500 1053 1292 1692 499 233 1423 1569 15 681 1680 835 1763 1074 211 470 1635 1257 954 377 31 1214 219 130 976 830 212 1831 1865 172 1043 1594 774 179 535 536 1574 206 214 1154 44 374 460 1114 227 807 1684 1347 732 963 901 119 895 318 1959 1766 82 1143 1279 195 585 1932 635 1375 1585 420 801 1827 1345 255 1192 444 412 223 100 853 687 401 985 1598 873 596 234 846 647 1366 1562 1282 1190 340 847 1632 1160 1040 488 764 861 1251 304 793 134 1487 1513 1849 940 59 933 667 1253 1151 1346 438 592 1468 1975 1409 1707 94 118 360 1032 1136 851 1191 1847 1653 73 1935 1526 506 1548 737 113 66 164 147 1401 
minDistance: 2.44639
cost: 246783
capacity: 298746
time: 4925
maxTime: 60000
LS1: 7154/8342
LS2: 619/1188
LS3: 0/0
shakeIters: 558
shakeLoops: 53
