1.69886:217 1.98895:907 2.01045:1212 2.1394:7299 2.25479:7593 2.28539:7702 2.29791:7925 2.35822:8443 2.42718:16022 2.42771:16243 2.43976:16370 2.44639:16871 2.45121:18138 2.50142:22734 2.52136:23315 2.53058:24788 2.53321:34034 2.53566:34311 
1379 505 1659 954 1183 822 1562 1240 1333 1938 1235 885 400 1527 1232 745 748 624 32 1432 158 1692 214 318 1465 940 1605 1730 1127 1440 1882 1862 786 342 592 168 379 1191 1865 143 684 1680 218 1563 778 1814 1623 705 1616 1143 1068 1409 1671 556 1154 821 1449 1020 161 1770 844 1190 1297 112 252 643 565 414 590 1635 801 1976 933 1627 1485 480 1789 839 1665 699 1413 1904 1684 1626 508 1526 623 1783 1827 1734 1181 961 155 613 1106 10 1991 1306 1790 1245 853 912 1222 385 1211 1847 1384 824 126 306 720 1118 1040 1125 487 1275 23 1619 522 1244 964 1300 1228 530 285 1848 965 1941 1584 330 459 787 1079 223 1271 989 115 384 710 1202 924 1959 1463 1600 715 1053 649 1438 1842 606 257 1743 1031 1844 244 51 793 1632 1131 1798 976 93 49 1693 1801 773 164 178 483 1831 44 185 747 269 742 1966 31 1200 847 585 1753 1043 1964 1294 1500 1360 94 1797 1369 1569 708 1825 755 984 304 134 1082 515 1556 183 70 498 1160 572 1347 1030 174 1530 1278 38 1784 896 1346 1913 172 410 1540 535 836 1721 1951 212 1662 1554 1087 1980 851 190 1076 488 861 194 322 1736 1495 1380 1464 1551 1316 1745 1487 570 1525 1644 698 669 283 647 75 90 437 962 1478 637 673 808 374 380 66 415 1766 520 206 107 59 1726 1225 1050 1017 348 1273 89 272 769 1448 761 873 1092 871 687 1081 749 880 1902 1170 939 1032 175 1696 417 774 513 681 1805 1656 39 641 724 446 865 119 1009 165 1917 1100 238 732 1594 1067 68 895 813 1276 1014 316 1214 1386 1034 1709 1663 401 674 82 1621 292 1166 1888 666 1400 627 1192 1926 614 709 642 906 416 1695 1193 662 1506 327 24 1105 1552 130 499 136 1186 1971 198 834 1366 1153 78 985 1689 1151 754 1107 1479 6 888 1596 467 1472 1706 1024 663 825 1136 1033 1453 950 506 1481 371 968 1320 1868 953 1401 1828 60 1606 187 830 412 1935 815 1126 1533 841 1954 1853 114 1731 1142 1975 1957 1165 1664 1091 1375 1598 73 932 1073 1303 1006 908 704 219 986 658 1885 640 1593 1578 867 831 1518 723 1419 1625 1670 1851 1849 431 276 1356 1468 1910 1585 247 620 254 1894 251 117 1304 1771 264 1822 1846 211 619 364 17 1768 1003 123 667 81 1813 1502 1733 192 1586 946 1624 365 781 340 901 493 622 1219 422 1544 846 1988 173 248 1707 179 391 835 1361 764 553 1255 1250 451 635 1238 503 234 979 1652 1139 261 1083 655 1059 1667 328 1561 559 759 169 1121 13 233 332 
minDistance: 2.53566
cost: 246780
capacity: 298736
time: 34311
maxTime: 60000
LS1: 6473/7720
LS2: 698/1247
LS3: 0/0
shakeIters: 531
shakeLoops: 50
