1.98895:548 2.00193:1017 2.01045:1257 2.13559:3014 2.20628:3524 2.40177:3834 2.43976:4609 2.44639:11727 
389 1999 1419 1751 1143 950 483 984 1361 1789 643 763 1211 130 590 187 1605 954 1656 1410 1888 551 295 814 44 705 1802 658 824 400 687 861 732 1087 755 1763 1327 1457 745 1805 348 1784 1849 1449 895 1024 1250 572 1376 23 641 1720 846 363 786 1850 729 219 1043 769 667 70 778 522 1300 285 760 614 165 773 1587 1082 1879 1409 1401 1544 410 972 1662 839 1721 1036 434 343 1118 1160 1894 1684 880 664 640 1625 749 365 723 1423 710 1798 379 376 748 1828 1050 960 1827 1384 190 1157 73 547 1495 1569 413 1196 1865 362 384 1448 48 1917 1961 322 151 830 1333 59 176 835 1202 559 1606 1519 946 865 1273 412 161 1783 704 1478 1691 470 1178 1663 459 833 808 136 1623 254 1797 1885 174 1563 13 1003 1585 1075 1416 168 1232 1707 774 1140 1194 1554 570 1164 775 1530 1831 245 1463 1077 961 759 1252 1834 1125 1825 257 556 1552 1540 1009 1680 1083 1911 868 1596 637 714 1154 364 1510 214 736 183 1228 844 953 1988 1665 1256 1238 1862 1966 496 537 1659 169 1645 1593 976 1494 179 801 1484 896 1492 316 1017 1975 1813 1653 27 1974 506 1092 505 1031 1055 1487 1144 1136 1766 1641 401 1814 1940 721 340 480 669 1500 642 247 1468 1598 1600 997 1692 1220 143 1706 1768 1633 708 1392 945 1317 66 211 1730 940 1412 192 1139 1259 31 1562 1796 492 1191 172 107 536 856 185 1303 1225 1977 699 1742 1938 1584 530 113 263 223 709 1200 1786 916 1240 787 1497 90 1465 673 332 989 1350 579 1100 1743 1697 241 1033 684 1548 1242 328 933 809 1073 761 1670 68 853 585 1779 737 248 1320 1153 1910 1230 681 93 212 114 1142 1696 1959 1079 163 1976 198 1479 757 1 1971 1935 210 1913 94 306 51 261 510 1086 1556 587 1245 1053 754 380 647 498 515 1644 330 446 1578 1316 1271 488 1346 720 747 1635 1931 1306 1731 781 1734 442 1632 1275 1502 1190 1932 1525 1767 77 1438 1188 238 649 503 1292 123 32 1120 1526 134 619 82 698 117 89 49 1151 670 194 1413 924 158 1842 1192 499 1187 292 1106 1121 1095 1726 1374 1847 1297 1219 1040 17 374 1668 1853 985 244 329 1980 1298 233 1664 908 1059 1067 170 371 1347 60 1386 821 1794 742 1175 1126 1745 520 173 1464 1311 871 608 264 1790 178 131 964 691 1616 1851 1339 1926 1984 164 24 660 1604 1360 1826 393 565 873 620 415 606 508 1485 385 1199 1102 1736 836 1527 255 596 1076 1107 1619 1771 1930 888 1261 126 847 657 901 344 276 175 251 1165 1951 1453 234 112 1753 635 1793 813 1533 1764 1032 155 1844 1131 41 1193 1181 1801 1235 1695 6 1904 156 1020 535 38 1244 1594 1091 1278 1420 764 147 304 1586 
minDistance: 2.44639
cost: 246786
capacity: 298734
time: 11727
maxTime: 60000
LS1: 7530/8861
LS2: 824/1331
LS3: 0/0
shakeIters: 499
shakeLoops: 47
