0.86634:100 2.0408:455 2.1394:1338 2.29791:1761 2.36555:1967 2.42718:3117 2.42771:3962 2.43976:5187 2.44639:6742 2.48429:14108 2.51918:15471 2.53566:16121 2.54862:22983 2.56411:27421 
1926 292 158 187 137 606 201 886 825 1548 1569 1306 1976 1551 1081 1913 1745 254 234 151 400 1337 1055 90 1317 1538 1192 786 847 498 1600 1083 1292 989 895 1902 174 290 31 1894 1043 261 263 835 165 830 865 1696 1842 946 136 708 1768 1144 681 933 535 155 416 32 78 1384 1250 897 559 853 1656 1253 1798 1316 1971 537 761 1736 59 1888 503 1604 1006 1671 1438 1465 1457 1533 1485 1009 822 364 1935 787 1183 1627 1584 172 380 1966 251 556 1868 763 655 1238 808 375 1796 164 968 391 1271 515 1805 620 1623 1826 295 1024 715 1849 1562 669 332 565 821 1632 1030 1106 623 667 1784 759 371 1540 1105 1142 1433 522 82 84 1092 1790 747 44 1275 247 1222 1478 487 39 1941 1336 175 27 1606 1225 1544 505 673 467 1487 1375 257 1625 1974 824 38 732 1593 1770 1904 1813 1938 1163 1882 836 1885 609 964 117 499 901 575 924 687 1667 223 60 214 1695 185 1814 1665 1848 1333 818 570 1240 1050 1200 1910 1228 1831 520 1012 844 66 1959 179 1118 1753 1616 585 1059 643 590 1706 754 1970 939 324 340 238 1020 573 229 198 1771 637 953 1766 1733 1605 793 1662 68 114 1793 1597 100 814 778 773 839 161 218 130 1668 896 1525 1091 322 1346 1964 1481 666 244 1111 1214 1077 233 420 488 169 1113 972 422 222 1527 1040 861 1100 1036 1619 647 1347 1355 1067 1160 1624 513 932 1219 546 1621 662 1598 1087 330 801 1448 1181 670 1797 384 880 112 1644 710 1154 1500 663 1731 178 641 940 551 1526 530 1360 1123 1721 1366 190 1980 470 51 536 985 1034 624 984 592 1202 1032 126 769 1165 587 1126 1459 1218 107 183 227 1958 365 1652 962 1506 327 1468 1190 1139 1193 123 94 17 1453 547 1635 1426 328 1659 1726 219 1244 1684 1851 916 49 976 1017 1463 742 642 1279 192 1988 1556 619 276 767 1734 1127 143 23 704 306 649 1464 86 1235 1053 1386 1865 1121 748 437 888 699 1932 882 1472 1502 1596 1951 1961 764 1743 134 1401 1801 360 1167 264 657 1079 1151 755 480 954 240 1653 249 252 316 176 1107 1663 572 1340 1828 329 1143 1356 1082 1278 635 6 194 410 446 212 508 723 709 961 401 211 1251 1031 1996 1518 1917 1677 374 1409 506 411 195 1722 168 13 1530 1361 965 1419 1191 813 1413 1232 831 1789 1211 241 431 1242 206 745 1853 304 1497 93 1984 614 432 285 1862 255 8 1802 1670 1585 1794 1311 1125 705 1140 115 1255 1003 904 89 1975 379 846 1297 412 1563 64 1692 1825 749 1303 301 1827 1660 1763 1578 1328 73 1594 1350 173 1479 1495 1470 1709 1259 1783 459 1519 1153 841 1680 
minDistance: 2.56411
cost: 246785
capacity: 298748
time: 27421
maxTime: 60000
LS1: 6650/7818
LS2: 609/1168
LS3: 0/0
shakeIters: 545
shakeLoops: 50
