1.85377:237 1.85998:923 2.00193:1158 2.01045:1561 2.25479:2078 2.29791:2568 2.31554:4110 2.35822:4238 2.38619:7866 2.43976:10793 2.44639:13505 2.45121:14896 2.48429:35246 2.50117:35518 2.50809:35983 2.51918:38413 2.52136:44978 2.53058:45961 2.54862:47047 
1167 66 1153 119 1771 844 1598 1485 1831 976 1379 553 824 510 590 1228 698 1369 1106 831 1736 556 1279 164 244 1040 1853 276 360 223 1996 1913 192 380 505 1868 1271 1822 1366 669 1059 1225 1562 1971 614 1586 1743 1033 1453 178 1600 1842 198 1659 853 1401 1140 1278 431 1465 1426 1251 1696 867 1183 155 620 1594 1067 1695 169 786 985 1731 316 585 1606 1538 165 1386 835 1686 1551 400 1667 1518 1273 630 608 559 787 1980 1825 1670 340 194 1951 371 1814 17 522 732 710 1432 233 1502 1789 1151 31 254 680 1954 1599 255 60 1050 1139 657 1092 1438 179 1734 488 1214 260 410 1779 338 715 513 1495 47 100 56 989 1677 332 968 98 13 365 1625 214 1692 413 6 1671 1107 263 1003 264 1325 1768 1126 1006 1525 908 1544 1665 1500 1680 1826 747 764 219 1794 1987 932 1519 238 1709 73 1540 814 670 1644 515 1372 1340 1231 1851 846 1596 300 1622 1464 498 1127 916 662 836 812 1569 1142 51 655 1017 1950 708 374 112 939 1245 1188 168 1053 537 681 1111 808 218 619 385 434 1470 954 1144 247 709 1413 1916 1593 647 742 1448 1632 1163 1917 1240 257 572 565 667 1796 94 1235 551 44 950 183 1959 1384 234 1297 1585 1790 1894 847 1548 1766 1882 1192 290 1319 161 1726 606 191 1745 195 451 675 1196 1400 1346 1409 674 384 1284 1624 784 89 1784 401 415 1935 306 933 1707 748 480 173 364 1885 1333 1578 895 1656 151 1125 1350 1862 1282 1663 592 1105 38 1904 1250 446 1487 801 1356 1479 1047 1472 90 1783 886 1580 23 349 1494 292 1079 1043 861 143 130 508 745 641 1619 1361 379 1722 1118 649 49 1259 1316 1190 1068 136 723 417 1311 470 330 658 190 139 1375 412 1253 1497 1121 1849 896 1306 1091 1798 1165 1200 1888 754 1533 1801 1181 1178 1910 1753 174 839 1478 821 1828 1160 1257 27 126 769 1328 1627 1082 1964 1770 1856 1847 1186 1083 251 1222 901 1526 609 499 206 1100 39 841 158 964 961 1024 1684 93 68 1411 1662 187 642 1244 117 1506 660 467 830 1805 856 530 175 1154 503 1360 172 643 704 749 535 1468 793 673 664 751 1635 1652 1697 1238 1031 904 624 1976 1202 1087 34 1193 1844 1009 3 761 1797 1419 1449 1527 687 229 1975 1143 107 1076 865 1616 114 422 506 1966 1633 888 287 1032 1347 1475 1970 1219 1530 1073 1813 1211 880 1256 201 984 1303 882 322 459 671 170 813 285 1168 546 261 773 778 871 953 1932 1706 536 663 1938 252 623 1554 1556 965 705 699 1275 212 825 1145 1463 635 1623 1988 759 211 1926 520 1292 59 1563 185 1584 1191 1865 637 134 82 1034 
minDistance: 2.54862
cost: 246715
capacity: 298750
time: 47047
maxTime: 60000
LS1: 6659/7945
LS2: 757/1286
LS3: 0/0
shakeIters: 510
shakeLoops: 46
