1.85377:209 1.93525:1034 1.98895:1256 2.00193:1432 2.01045:2435 2.29791:2978 2.32768:3205 2.34972:3323 2.35822:3769 2.38619:4463 2.40177:6979 2.44639:7175 2.45121:10574 2.50809:10931 2.51918:12646 2.53058:36298 2.53566:47709 2.54862:50821 2.55702:54027 
1502 964 940 90 214 520 1862 1121 961 119 401 551 66 1160 1219 1240 759 1584 1253 513 572 775 1823 1932 158 1789 647 1163 787 1294 1297 1245 1825 1067 835 1659 473 1091 234 420 1662 669 190 1790 1031 946 1043 1563 895 1154 247 749 1366 570 1203 218 1794 745 1771 136 1361 1624 51 1252 801 1033 641 847 1951 699 1733 1225 412 732 642 1966 1976 1409 100 1540 1894 39 257 1796 276 168 1696 59 906 522 195 1506 113 1605 470 1616 112 1632 723 1104 467 84 292 1799 198 1797 1006 1596 306 1801 535 825 219 1400 3 1325 767 1938 1050 844 261 1095 1604 178 793 1059 545 1347 764 751 1339 174 997 1888 434 27 908 1142 965 667 1003 505 880 1222 480 715 556 32 710 93 1487 1619 328 184 1868 1904 1346 384 1585 526 161 1375 1653 657 1656 1340 38 194 1211 459 1707 1298 192 60 212 172 1470 1623 322 1913 1865 773 254 1784 1151 1959 1020 1140 283 1847 1495 493 933 1668 1988 1190 1978 179 41 1578 821 1745 635 1464 154 164 1627 1463 175 1670 417 830 1842 870 901 1087 251 49 1017 748 1433 687 1743 304 1813 183 1214 437 1136 972 1114 637 1533 808 1641 155 1544 976 365 565 1763 492 1730 1667 1829 1139 614 815 13 1255 285 332 202 755 897 82 1598 244 1849 1251 1910 1465 73 114 1350 991 1333 1092 824 151 446 130 264 778 984 1200 1779 211 1569 1316 1012 1885 1709 1805 249 1118 263 415 1722 1309 709 23 222 675 1831 1734 1426 1235 1663 530 1597 1500 1996 506 1181 1731 1755 169 31 1954 340 1448 774 1706 1228 950 590 1926 829 1303 769 1680 782 126 1192 1594 831 1009 1040 223 620 1766 1964 705 68 1562 1971 1917 714 861 499 238 1107 1143 1828 888 1053 1032 1165 649 134 624 379 559 143 1438 1815 338 1902 1238 334 761 900 1692 1191 1244 985 1644 431 1178 1798 1588 1556 1736 1232 327 1695 1413 364 89 498 165 729 483 206 1764 248 1783 939 932 1144 608 1082 674 1974 1125 989 1684 290 1527 781 1975 118 881 1384 1753 1271 1474 410 1770 360 818 658 371 1525 1574 233 643 1814 1360 1635 1106 1721 380 1457 1105 1007 1368 510 865 1024 742 814 1593 1250 1478 350 252 1935 1275 17 681 1980 968 655 1630 1851 1401 673 553 1083 896 623 954 619 374 1202 416 316 94 1606 503 515 916 44 1388 1449 1386 1119 185 115 486 1412 1193 1183 1826 1625 1846 721 1337 408 846 1167 536 1853 488 1419 1726 1459 1665 1278 1100 173 1306 1073 1453 1292 1034 1587 1468 587 1479 704 1126 953 460 
minDistance: 2.55702
cost: 246762
capacity: 298789
time: 54027
maxTime: 60000
LS1: 6976/8220
LS2: 693/1244
LS3: 0/0
shakeIters: 532
shakeLoops: 48
