1.93525:519 2.00193:1025 2.01045:2408 2.29791:3344 2.31554:5926 2.35822:6238 2.36555:22002 2.3683:25506 2.38619:26644 2.39075:29218 2.40177:30620 2.43976:31975 2.44639:36039 2.45121:41560 2.4727:56154 2.48429:59858 
669 251 23 1244 1958 1181 1067 1548 31 1797 1846 530 1604 44 773 381 1976 1894 20 1585 431 1306 1831 1275 219 1813 830 1796 1184 1865 410 565 300 94 126 1726 1917 1500 1372 833 1904 211 156 865 342 965 1020 1409 89 590 1142 498 745 172 480 720 1153 1238 1034 198 165 1977 1250 1160 1615 233 214 68 1000 1006 767 1951 1519 108 1692 1935 880 1240 1401 1790 161 179 1868 1050 328 754 1668 1530 546 681 997 1333 1126 1135 901 515 1900 178 1805 929 1346 1771 710 1183 553 260 1087 327 1941 112 1600 1273 1798 470 413 206 714 1623 212 658 1253 1971 1862 984 709 989 195 1164 1256 1316 446 666 1121 1706 1433 1271 93 1656 1578 1707 1257 422 1361 592 1092 763 35 1743 808 732 220 304 1664 238 1478 950 1902 1233 1196 824 1885 751 1476 459 506 264 1384 520 1563 1079 415 100 1684 1730 1959 1115 516 73 1734 1753 1178 176 1497 1794 1556 831 107 1036 888 1003 775 1106 1278 265 222 1219 1770 748 662 1709 114 1854 916 244 1644 614 332 785 255 1232 759 1763 384 417 964 184 1205 786 1822 1449 846 643 723 1143 670 117 1448 64 1988 1463 715 1996 868 1594 365 143 835 809 247 1211 1154 334 401 290 241 1825 535 34 940 626 1731 1339 1552 1853 559 954 1086 1933 1075 953 1438 1024 467 1695 821 1961 434 1356 263 505 1245 537 822 66 813 588 444 1419 774 1228 1141 1745 29 1336 939 1218 1784 705 801 1043 276 637 1851 164 698 1842 1125 1136 896 51 380 928 1059 322 673 570 1032 316 853 1562 699 961 1222 174 254 1259 547 1624 1225 1569 1586 1663 1612 1151 1980 1736 510 234 1127 488 192 168 405 1526 318 1670 340 1616 385 825 572 1412 1910 667 844 1485 1888 218 1360 1190 285 173 815 1303 86 1192 839 1913 194 483 306 1606 895 147 1740 1053 647 1462 1662 1242 1974 1502 1029 1596 486 536 155 1091 412 1627 1031 1413 1300 1667 1827 655 1386 360 1632 158 344 1598 675 371 1801 3 508 1783 912 1378 908 1495 1095 1484 1691 781 985 113 1320 1766 642 1593 1017 1073 1297 1938 871 1926 1144 169 131 991 897 1635 489 185 1930 1540 1721 1544 1789 175 88 49 841 60 499 787 59 1465 1193 1414 1814 704 379 1506 933 861 84 495 1457 1347 778 183 473 1107 522 946 6 136 1040 1619 1939 400 683 1105 556 986 1525 1680 1487 1828 1597 1571 19 17 1966 1625 635 812 649 1527 1191 364 1464 551 134 1779 619 641 1733 847 154 608 1200 1839 708 587 585 1964 1118 1468 1235 39 976 292 968 1588 1696 223 38 82 1479 742 503 13 1932 1100 814 451 90 972 1975 1533 261 1453 687 1671 
minDistance: 2.48429
cost: 246788
capacity: 298758
time: 59858
maxTime: 60000
LS1: 6408/7573
LS2: 614/1165
LS3: 0/0
shakeIters: 535
shakeLoops: 51
