1.85998:233 1.93525:594 1.95862:829 2.00193:1126 2.01045:1525 2.0408:2014 2.1394:2253 2.16971:2626 2.25479:3130 2.28539:3361 2.29791:3545 2.30318:4762 2.35822:5055 2.42718:8215 2.43976:8315 2.44639:13334 2.45121:16769 2.48429:22619 2.51918:23269 2.52136:28125 2.53058:29531 2.53321:29732 2.53566:51222 2.54862:57235 
178 721 1184 496 1652 1003 304 946 1904 841 530 1745 1959 670 1100 1020 1470 1556 1506 1081 1067 172 401 761 1822 1317 1053 1193 1584 60 1196 1190 723 1641 1888 136 1805 873 420 1304 1975 709 173 1369 1468 1160 39 1163 1662 1059 1478 244 1684 520 1502 1709 1695 1554 1910 107 1540 31 1464 953 865 255 613 1191 1519 49 340 1696 1932 59 787 1977 1789 300 1222 964 1292 1202 276 1569 480 885 1143 1125 1465 1083 1954 1073 1605 247 620 1586 1316 657 1574 1131 1527 1526 263 1154 1177 1 1463 1409 295 371 745 223 866 1271 1356 214 170 161 1938 151 1844 1623 754 1282 1024 1768 1055 1814 1593 908 1771 1333 1347 699 1238 1665 112 1049 174 1384 1544 1585 1448 1278 422 687 527 1831 198 1297 248 1764 1784 1105 1386 1926 1598 1600 836 1479 961 1606 1971 1779 379 896 972 649 1828 1306 675 1320 1050 431 362 1211 1303 1790 756 669 1706 1813 1107 191 1501 985 637 1449 1106 1935 619 1087 93 1413 641 1006 410 1245 1121 505 1009 556 1328 1043 1225 916 446 950 1624 1753 260 1358 590 194 44 1036 1214 1562 698 285 400 592 211 778 498 1951 1635 1235 1680 1974 1941 1885 585 928 587 86 234 1653 115 192 742 241 117 1842 600 1902 715 380 257 94 522 364 861 1616 759 760 1668 1181 1627 1656 1219 206 233 306 1846 1361 1659 384 374 488 290 1031 1827 749 318 1999 643 415 164 1200 185 506 769 895 1980 642 82 989 1034 1076 1851 1966 748 1721 1829 663 187 1671 165 976 667 510 13 190 459 1808 68 1798 269 1533 1763 1847 764 1178 292 830 1766 1054 1253 10 751 168 1186 1667 1970 1401 175 729 90 417 1726 1596 853 1794 1485 940 1091 1874 813 1412 1140 1865 1240 100 1251 888 932 1736 1633 1510 1017 647 328 1375 261 1142 503 238 1825 254 1136 1862 1192 901 73 1849 432 781 1632 322 1644 847 984 1255 871 1894 1548 66 1144 515 1707 1625 881 1438 1500 251 658 1517 1731 551 1578 176 158 774 1691 467 1040 1139 130 606 1453 844 708 705 126 316 1797 51 24 965 572 704 499 1111 673 954 831 1487 1518 1730 1183 1256 970 1670 553 1300 155 1693 808 412 565 1604 252 1594 1340 1244 330 1092 201 1645 219 1976 1250 846 1114 1218 1692 1783 824 229 1151 414 1733 1743 89 1563 1032 169 1419 732 1086 821 513 23 793 114 1913 212 1988 939 264 1597 1495 684 1228 1275 909 614 773 1350 1917 32 1964 535 559 1868 1360 835 231 1984 801 933 143 1118 897 1346 1801 1734 17 38 
minDistance: 2.54862
cost: 246795
capacity: 298730
time: 57235
maxTime: 60000
LS1: 6317/7616
LS2: 742/1299
LS3: 0/0
shakeIters: 533
shakeLoops: 48
