0.86634:100 1.85377:386 1.94353:656 1.95862:790 1.98895:975 2.00193:1240 2.01045:1469 2.29791:3753 2.31554:4108 2.35822:4447 2.39075:5832 2.43976:6218 2.44236:10765 2.44639:12940 2.45121:15144 2.48429:18590 2.50096:28693 2.51918:31024 2.53058:33371 
139 1384 89 624 1031 1214 868 114 1980 328 1814 59 1736 683 1794 1844 195 1466 1663 1163 778 839 906 570 100 84 1193 1805 835 837 976 327 1081 1211 1530 1149 933 1300 714 1823 252 1082 1024 897 1554 1932 161 1502 1463 123 1263 1250 1766 522 245 260 667 350 1136 1829 1232 774 1032 669 553 537 1706 1525 1386 1856 210 1306 1121 908 1827 1941 1271 1360 489 1623 1059 1540 1988 649 480 1584 1500 825 1991 865 1984 244 1585 248 492 895 1256 991 661 698 49 1964 1464 68 647 257 459 1114 723 619 1009 365 1616 1127 174 238 546 462 961 841 1142 1828 1095 1202 637 1347 1632 126 1662 844 1413 985 1904 285 1600 1639 219 1253 1067 78 520 410 547 551 134 1225 1598 1885 1976 1468 1412 446 1656 662 165 657 801 530 1966 885 1350 1259 1684 1563 1849 751 276 1453 1659 44 1625 470 1745 984 38 1240 1298 1798 385 1369 306 1105 1372 769 1086 1707 498 773 1346 1160 1779 1971 1951 113 1339 503 364 1143 1588 1388 168 1783 950 488 467 932 1959 1734 1495 641 506 1926 704 606 1091 1333 1337 362 954 234 699 1868 1644 400 66 1151 1771 17 896 1154 237 1578 1303 1987 179 1894 1660 1667 143 1763 1449 1826 93 1282 1190 330 198 705 39 620 1050 112 1938 1953 499 1862 559 572 1087 379 170 431 211 1320 173 1790 1593 1139 939 1034 340 322 1888 587 1003 1696 1316 761 1200 1580 1665 916 1544 1245 536 1100 223 1996 360 32 673 94 178 1573 187 861 1219 687 1935 1825 1184 989 206 1533 1913 1478 965 1606 790 721 1515 1842 764 1485 1297 1958 437 1235 151 1831 1695 847 318 460 1194 972 255 316 1183 760 486 715 642 86 1401 194 374 1552 1813 1125 510 73 175 614 1465 272 1079 815 1764 970 670 1053 505 90 846 1361 635 545 609 787 290 1691 1292 709 384 1970 643 1257 831 332 1192 946 1040 1594 417 1140 904 380 1726 1323 131 1107 251 813 1975 515 556 853 107 1571 1238 535 1126 1917 1011 1797 1680 1419 31 192 1448 1846 1487 247 13 233 1730 1569 1627 164 1409 1910 158 1479 1556 814 963 808 1784 745 1006 1865 1017 1789 1743 1294 304 964 880 1092 1273 212 1244 748 1455 1106 1118 1670 830 1275 1731 1073 60 214 824 1562 1203 1181 412 888 940 1191 742 759 172 183 590 1278 658 1527 1753 1619 1251 169 23 483 1083 371 1366 664 1438 1526 130 565 754 747 749 732 1178 254 264 1755 1950 263 401 241 1242 1470 1801 775 901 1733 1624 1822 953 881 1340 1506 867 1653 136 415 292 82 1065 1843 592 1043 118 821 1596 
minDistance: 2.53058
cost: 246775
capacity: 298765
time: 33371
maxTime: 60000
LS1: 6639/7837
LS2: 625/1198
LS3: 0/0
shakeIters: 554
shakeLoops: 52
