1.66403:163 1.85377:323 1.98895:1205 2.01045:1673 2.1394:2921 2.29791:3241 2.35822:6100 2.38619:7294 2.43976:7632 2.44639:8232 2.45121:11311 2.50451:13770 2.51918:21364 2.53058:28996 2.53321:30819 2.53365:32057 2.54862:32141 
1790 1784 115 1100 781 847 1084 954 1695 699 1463 1050 681 895 1032 1036 808 218 1357 961 1449 1692 846 953 1409 1054 1813 1644 1525 1465 1680 1438 1121 401 1598 1574 412 1433 619 1765 1563 946 1966 1961 684 861 1487 1432 1624 1240 1256 1479 1317 1320 757 836 1219 1386 1958 1154 1091 437 1494 1255 1034 643 1668 1190 1228 972 710 865 488 1977 1733 107 1369 1632 1478 480 1298 168 190 1980 1114 1092 545 1548 1959 1533 515 708 1616 49 487 635 60 1655 1530 985 1771 793 1913 984 1935 1753 1946 155 939 553 1789 158 1641 39 1083 264 174 785 748 1199 1073 1183 1851 34 760 492 175 773 385 1709 1518 1193 1136 880 1139 1745 222 143 570 340 1003 1822 535 64 1996 184 1656 778 165 522 989 1470 572 1448 1384 400 1831 1142 835 214 1706 1528 148 493 1303 8 787 459 17 1954 830 1412 1304 322 1596 924 89 1 756 1798 704 1736 637 1067 663 1829 499 1801 1670 238 609 252 1081 1468 1775 909 1847 674 565 404 647 844 575 1244 68 1275 1053 41 23 608 446 1472 510 1853 1464 1951 1826 1485 1024 1170 1888 1126 1573 1306 1009 1665 856 1569 483 350 185 100 1059 44 1118 1842 1969 1544 824 1192 326 620 1273 292 1401 641 1868 32 1278 614 1600 764 714 1825 769 1828 156 1527 1910 976 1783 590 761 327 1975 1638 329 251 173 1481 1191 117 759 556 31 1627 126 1779 1259 254 295 1125 410 1730 6 1653 1865 431 585 417 285 732 1805 78 964 705 276 290 587 1140 530 1923 551 1623 1297 1827 1766 1214 1413 871 667 853 1300 112 1625 755 888 1333 1225 723 1031 901 318 742 933 1689 1020 870 831 1726 1279 1500 380 1743 813 1556 1585 192 134 1151 709 86 669 1107 170 244 1222 1209 1000 1562 1160 1040 896 1271 1660 1346 1001 316 304 27 1976 169 348 715 729 1250 338 908 1917 360 754 658 1526 1584 1896 1163 520 962 673 720 379 505 249 59 818 384 1495 1721 1974 164 108 1984 642 916 1894 51 886 1087 1292 460 1904 1502 1578 1652 1734 965 1232 503 745 1594 1593 1181 1885 1862 234 1211 1017 94 66 1252 1693 1419 1200 559 114 255 1741 801 1797 1388 1768 950 498 136 1150 721 211 1684 940 1794 1538 687 82 1540 1143 1375 73 1165 119 1082 1916 986 1849 223 1667 1106 506 655 198 470 1196 1619 1506 332 13 183 1938 194 1552 807 1696 1361 415 1043 1006 306 814 932 371 874 1586 1796 1635 38 1360 349 1971 1618 649 1731 1882 991 1238 93 821 187 1662 123 749 233 1235 1253 1055 1964 664 172 220 467 1587 1328 178 1606 364 219 1707 1316 161 1814 212 1453 1926 247 698 
minDistance: 2.54862
cost: 246797
capacity: 298761
time: 32141
maxTime: 60000
LS1: 7078/8229
LS2: 582/1151
LS3: 0/0
shakeIters: 552
shakeLoops: 52
