1.85377:328 2.00193:563 2.0408:871 2.28539:1552 2.29791:1681 2.34972:2306 2.35822:2483 2.38619:12140 2.40177:13890 2.42718:14195 2.43976:14550 2.44639:14723 2.45121:14898 2.48429:20992 2.51918:25426 2.53058:39906 2.53566:52280 
1745 86 156 1107 1303 241 364 1865 1709 1544 950 247 1250 1849 175 179 1154 1068 1202 1659 565 1360 1525 1966 1479 742 1996 488 1043 1081 1009 1696 1556 112 1361 861 1339 73 606 1639 417 1222 379 1618 1663 158 775 499 31 422 1433 759 244 1976 185 809 821 90 1684 1211 1323 1495 1050 747 51 1292 1721 1604 1885 1662 39 420 1730 1087 223 1506 1951 760 1181 984 1190 1548 1822 371 1478 1449 1664 1862 1225 143 272 292 1438 786 1670 1238 939 1533 38 520 985 895 1779 68 1766 853 1851 1095 1032 219 896 1743 675 674 198 1623 1448 757 1706 1656 1632 916 1432 165 1409 1569 1320 340 1926 669 164 614 1105 34 1980 834 570 1082 1100 619 276 1801 263 212 1328 1680 1249 1760 1827 1333 384 1526 590 118 195 1805 1644 190 252 1633 940 1668 183 991 553 1131 130 236 1244 1191 721 813 635 78 1707 1935 400 1465 432 1502 1641 304 178 1830 100 1114 764 1340 1599 1624 1386 17 1783 114 774 886 623 59 187 255 486 976 1232 1252 1300 49 658 681 1024 13 836 245 1165 1091 1726 1150 254 1256 1083 1316 492 1219 1118 380 1119 10 643 1278 547 1771 793 816 1255 174 559 1214 745 470 1826 401 773 1257 732 787 924 1627 438 933 1667 168 316 1850 136 155 1350 1092 290 338 415 1160 844 161 1736 767 322 709 1378 411 60 1593 572 641 131 881 1831 704 1653 1964 126 1528 1917 530 546 220 1991 522 1789 622 874 1193 510 1959 655 1006 749 1764 237 506 113 1178 901 211 233 1384 480 1847 880 705 1527 824 229 1798 1144 1228 1166 1913 1275 1825 1814 946 1125 1186 1200 1600 1106 801 1665 1904 585 1619 285 1971 1622 137 815 1240 431 1375 503 536 592 44 1151 647 1923 446 1616 261 408 362 1910 1253 1136 238 1337 953 989 1695 251 1753 1346 754 1401 27 1183 1797 715 763 667 666 649 825 778 1975 1562 1366 1733 1954 714 1235 1677 1196 94 169 1946 1811 1485 535 1419 173 318 755 1833 1655 847 670 1468 1784 556 961 1034 846 194 1598 1530 545 82 932 1510 637 888 1584 642 437 965 1126 691 1264 1053 831 551 1304 808 1487 687 1121 841 1755 513 248 1551 1731 459 1463 1842 1073 1067 1596 964 608 1372 1853 1868 192 723 1938 748 673 1142 172 1411 708 460 249 1828 66 1139 1794 1306 1059 16 908 818 1594 1003 710 1040 332 1113 1578 264 23 134 830 1184 1464 214 657 1192 1606 867 498 32 234 1446 865 326 1888 1974 1894 93 1585 1902 515 89 1844 328 191 1540 300 1031 1734 1790 835 761 1519 769 537 107 912 306 1988 954 1932 1413 393 699 662 1077 688 1245 1453 1017 467 410 1271 412 1625 1635 
minDistance: 2.53566
cost: 246781
capacity: 298732
time: 52280
maxTime: 60000
LS1: 6452/7704
LS2: 722/1252
LS3: 0/0
shakeIters: 513
shakeLoops: 49
