1.66652:413 1.72595:547 1.77606:634 2.01553:928 2.06368:1063 2.08963:2017 2.13166:2111 2.2341:2464 2.30785:4359 2.30976:6394 2.34358:20926 2.35888:31006 
1633 1464 144 944 1214 1189 916 965 1733 749 1693 1987 1834 1355 1726 398 470 158 963 349 1009 970 1814 1351 15 789 1219 221 1197 1235 492 823 593 1345 1268 352 701 1812 125 1 1667 641 1231 355 1097 1616 1562 82 1779 68 1361 901 114 1705 1526 1049 1662 1121 1232 59 1383 742 827 522 234 1755 299 673 446 1619 956 1635 557 1825 402 1400 487 1087 1139 1502 1463 1593 1468 530 714 303 60 1453 1941 547 1842 1569 1441 1999 709 1799 1544 404 1032 1106 51 1844 327 1971 520 219 86 322 1084 687 143 294 1731 1695 556 1366 669 1516 1764 1447 17 851 688 134 1598 766 565 1540 1191 1253 1938 1300 467 1828 663 525 1243 1975 1303 486 1185 1959 1700 667 1976 1652 506 1750 1050 304 933 1333 23 1459 675 1156 1136 1786 751 364 1369 1031 1108 613 1660 853 95 888 1196 1324 106 814 155 495 261 754 958 1492 1905 1125 1280 681 953 1508 457 1465 1410 1518 229 1893 136 1480 1017 6 972 231 380 1686 1991 417 815 1527 1426 744 1671 1416 1980 579 1043 1926 775 592 1245 501 332 647 909 1069 1698 1170 1612 1672 1552 1024 865 90 692 285 658 846 1768 1659 48 1288 670 895 535 640 193 695 1240 1939 984 1515 493 778 812 89 343 774 1212 942 1487 81 203 1153 1887 1157 609 1036 1183 1772 1803 847 1413 1423 420 590 932 333 986 1711 1684 362 232 39 251 412 759 1917 214 1753 301 997 64 704 316 31 1418 147 211 1386 1091 1252 223 732 459 1250 252 206 1862 1707 1261 363 1798 1571 1347 1186 1952 1932 1664 1103 1796 584 1462 1790 194 1339 454 75 1937 139 1925 477 1978 120 1479 179 585 689 801 903 198 1485 1531 1063 559 306 1081 107 167 1244 1541 1784 1894 1647 1948 596 1275 787 642 372 995 1797 384 1594 1020 976 174 1935 1296 1743 1644 233 756 173 260 982 1996 1283 1226 394 1795 961 1059 1190 1789 1438 340 1381 161 748 1461 880 1092 1010 293 1656 1530 1360 118 968 410 1853 1321 1850 745 1181 574 1802 1913 1563 783 483 1082 1517 1067 1957 1623 985 1350 255 1151 54 855 591 1962 762 123 1557 710 44 490 989 192 169 1618 1297 1258 757 218 488 480 1525 222 1645 100 800 1399 127 1630 462 165 175 1706 1781 1697 648 424 275 1292 1600 821 438 241 151 1192 499 292 1317 220 388 643 1586 254 1806 991 1198 1902 1888 36 168 27 1584 705 272 1053 1851 1211 1691 190 1499 1409 1910 1142 1585 1495 1554 70 503 172 786 1260 1689 967 1105 310 1497 422 1222 109 1006 1865 365 25 1100 1846 212 964 1597 1592 1770 1384 635 711 508 1988 348 259 743 950 1346 534 575 715 344 46 659 912 873 178 1199 619 1279 319 792 866 1824 247 1775 720 1819 1120 1632 1801 1556 376 1955 1727 73 572 
minDistance: 2.35888
cost: 246734
capacity: 298738
time: 31006
maxTime: 60000
LS1: 8750/9900
LS2: 602/1150
LS3: 0/0
shakeIters: 536
shakeLoops: 51
