2.01553:331 2.06368:787 2.2341:1082 2.30976:1461 2.35888:1698 2.36132:13340 2.36528:17431 2.36543:18608 
412 778 856 260 1966 1288 118 596 643 35 293 916 156 151 1706 1017 1400 457 1721 1772 1978 1760 252 1563 715 216 944 810 384 866 801 956 1902 231 1788 1531 1887 1462 1361 467 1438 1862 709 470 70 1280 1067 1714 1196 1995 1849 1448 642 713 1824 327 1651 100 1320 759 699 1950 1952 1401 1828 1087 535 488 1106 438 1317 1197 1798 1885 1453 755 310 141 942 901 212 1369 368 506 210 68 1174 1047 1375 732 1183 59 221 914 620 272 1063 251 51 748 557 211 164 1399 559 106 964 648 1222 572 154 1338 1258 1250 306 1644 1356 206 49 143 95 33 1053 1140 1432 1479 613 1792 86 547 688 25 312 1598 1556 1120 1922 232 663 1736 1784 1478 1670 649 328 675 174 349 565 838 503 1190 823 148 90 888 6 259 1630 1763 933 161 1151 459 743 1623 229 790 1768 585 492 874 1731 851 1353 234 1795 1544 1108 191 355 1992 1506 1191 456 1825 1043 1554 1459 31 192 501 254 348 1822 1975 1733 1676 165 1834 1260 318 1386 1419 417 498 757 1596 574 1584 641 985 1689 673 1619 520 1355 1664 1010 701 1 1819 1125 1635 1741 1105 873 1447 483 946 1059 145 598 1971 1667 525 190 241 1879 1695 208 1662 1656 27 666 1530 1102 1006 1712 89 961 1753 388 1185 1219 954 1285 812 704 1586 1893 223 93 433 1659 1769 1031 1347 1789 1926 362 710 508 1050 783 1381 670 1157 923 965 1770 1846 219 1833 512 365 1964 446 1540 398 1041 1481 1803 737 60 1917 454 720 975 256 1527 1441 299 374 1633 175 1981 989 1844 1413 247 1697 499 1069 1508 167 1014 1814 1904 1734 766 1074 220 181 1100 322 120 1081 1121 404 1192 903 530 711 1283 1988 155 792 821 1515 1091 285 714 1499 1663 609 945 1032 800 288 1268 214 261 865 46 1360 940 1962 953 1214 687 1826 853 1923 1252 158 1552 1597 1426 420 1251 233 1461 1959 416 1139 363 338 1193 1910 1925 82 1614 1468 1038 1606 3 177 835 786 1688 1264 1851 1189 364 1395 437 1090 839 1594 1671 1463 756 1418 480 198 128 292 1894 1525 1194 402 405 1790 742 1345 380 1495 1245 667 991 255 976 632 179 343 1805 1136 1370 385 522 248 1799 428 277 222 81 246 54 1212 751 852 115 939 1502 1297 1200 1092 1181 127 1801 169 584 1485 556 662 1170 834 1726 1416 133 304 15 1517 1199 1366 635 64 846 1240 303 373 754 1938 73 1850 1218 1526 787 1750 1932 1073 1684 44 1158 1161 487 1103 1472 1743 1562 462 997 376 1256 744 695 1693 316 491 1955 1764 815 1698 1510 1296 340 745 963 708 136 995 1175 173 647 126 1996 1888 1683 692 1802 1350 658 657 218 1384 1857 422 604 705 1842 1198 1244 1118 1261 1643 172 1024 434 781 1647 193 1616 391 984 1783 39 1660 861 168 1084 880 
minDistance: 2.36543
cost: 246794
capacity: 298792
time: 18608
maxTime: 60000
LS1: 9001/10345
LS2: 843/1344
LS3: 0/0
shakeIters: 493
shakeLoops: 48
