1.66652:183 1.75856:275 1.87805:559 2.08963:932 2.28224:1411 2.30785:1881 2.30976:3846 2.34358:4878 2.36132:5513 2.36528:37838 2.36543:39104 2.39431:54584 2.41998:56942 2.45835:57254 2.48566:57495 2.51332:57644 
199 333 669 134 972 1563 1059 150 810 749 233 1938 348 1232 1802 1419 214 429 275 1616 508 1502 991 1510 309 1662 82 360 812 1216 179 340 247 1067 161 670 229 613 675 1797 855 584 328 1775 831 1697 332 218 1887 1630 667 1980 151 1497 1199 1084 1485 272 1188 384 343 1222 1416 68 1731 522 1106 251 1190 732 556 376 637 1438 1941 851 1803 1556 783 1531 1562 699 792 981 950 260 1432 388 1726 1846 1061 25 1814 585 1161 1660 1 1245 158 394 167 1125 1121 914 1917 715 1105 120 1250 1441 1097 15 801 1179 1309 1006 572 1240 1799 933 1949 1604 687 1619 748 1029 310 1736 396 695 1834 778 890 1851 1032 710 417 787 1935 1160 666 1991 530 125 736 945 535 1913 742 1849 766 1384 657 956 965 619 1424 940 259 156 867 1894 1043 1253 1472 1495 416 1120 1273 154 501 1260 165 1632 1693 51 1623 492 304 175 985 499 709 434 459 1157 1939 835 1790 1214 821 81 1151 681 1045 1355 1784 888 36 234 1418 1664 744 285 1612 1801 1753 895 745 380 256 1955 212 643 1242 480 1375 963 211 478 1842 1297 1584 1993 17 1597 293 1139 1156 1825 168 1361 1988 222 1822 1755 374 754 1244 467 1296 1783 1798 1464 1463 1826 49 1413 1678 487 847 306 1196 1525 210 232 1292 1317 1399 982 1192 1258 1320 1975 59 1684 365 579 303 1527 1285 786 261 520 1191 773 903 412 1447 701 774 605 1858 1423 1200 1351 1871 713 705 860 6 984 1680 1647 136 1948 1962 1836 44 1288 1763 1692 659 673 1586 823 720 46 1174 3 1925 1142 759 498 1996 1828 1499 198 1091 688 961 1964 1698 316 1657 1386 155 964 1695 191 206 1926 1796 1594 438 1656 839 220 756 1024 19 64 70 352 349 1910 800 1369 322 1862 483 173 641 1596 1952 219 89 172 1540 1037 574 590 1598 1712 642 873 755 1448 881 596 362 1230 838 1659 1458 1517 1136 1764 41 1743 751 565 906 559 901 689 649 911 223 1865 299 1644 640 169 1400 31 1348 953 1459 312 1360 1932 1462 192 1366 880 1031 1256 1453 60 1408 1009 1592 1813 1243 1339 1526 1500 1508 23 1271 1959 1350 477 757 564 1087 1492 292 399 1140 355 1100 704 506 1554 1721 711 1076 865 1081 846 1050 143 1768 178 1844 1053 1092 1506 1819 410 1971 1978 1706 1671 635 1667 1280 1063 493 789 1727 402 1552 181 27 1219 1461 245 1193 909 976 1652 1795 73 604 1812 420 100 1893 114 658 1381 1530 470 1347 1479 663 647 1379 1689 897 1212 503 1633 255 93 989 254 1283 1888 1661 1229 1966 1189 1651 488 1401 1181 714 446 193 525 869 231 916 1670 
minDistance: 2.51332
cost: 246792
capacity: 298732
time: 57644
maxTime: 60000
LS1: 8036/9280
LS2: 713/1244
LS3: 0/0
shakeIters: 515
shakeLoops: 48
