1.87805:307 1.88683:445 2.06368:570 2.15056:780 2.16928:874 2.19385:1204 2.30785:1724 2.30976:5187 2.34358:6656 2.35888:8232 2.36528:13048 2.36543:15261 2.39431:46312 2.41998:46612 
1416 100 1955 821 530 1660 1696 714 459 1401 96 855 1317 456 1799 1801 1814 1939 745 1369 115 1842 368 355 972 211 1091 643 178 1550 1851 945 417 1655 232 1061 1779 667 365 488 508 1643 1844 1700 1862 1598 590 260 303 1795 333 1043 764 292 1296 609 1937 212 723 1667 1728 173 742 1671 372 1082 222 1893 299 470 1250 48 800 786 172 109 322 1087 73 1097 1734 1664 666 1910 373 255 1527 1355 1706 1058 520 493 1288 424 1865 1743 1461 715 654 1240 1557 1917 1047 1813 1502 559 1618 1245 1783 776 916 1268 467 384 1453 54 657 1183 1888 218 835 1345 1531 602 434 1887 1297 44 490 1499 1781 709 234 1632 285 223 1879 89 847 1656 380 252 332 873 1243 1105 1198 704 1764 220 525 70 663 720 3 1092 1392 1258 167 699 1309 1384 1935 997 888 789 865 1853 1438 263 1009 1448 1586 778 1606 1106 1121 1828 846 556 737 933 1604 574 1714 233 1214 214 1339 773 27 1721 673 1117 1225 1959 1576 1161 462 662 134 701 310 874 823 711 499 1118 1802 1189 1949 64 1375 349 1819 1763 1938 963 1253 1846 251 880 648 1916 1556 1552 1770 1695 1193 1659 681 1217 635 641 1554 744 575 410 161 1831 1508 1244 759 995 1136 1824 1988 438 852 1229 637 1462 416 1790 343 1635 1081 15 68 1280 1753 181 1772 766 1825 1199 1151 1200 1182 1045 751 151 412 1597 362 25 165 1156 1350 1978 206 82 1612 1966 1971 1074 1399 1594 147 856 1084 1975 710 801 90 1157 1191 301 1797 914 1913 1014 585 1663 1230 1768 1463 1698 1902 1174 1616 1750 1408 1006 596 1518 59 261 1525 1633 1360 1506 501 1952 193 277 1515 658 1798 1139 1479 400 1647 492 486 572 687 688 81 95 1682 1726 1283 965 853 1516 757 106 1926 953 935 86 244 272 584 775 101 1073 118 49 732 649 1571 1784 976 231 1626 908 190 1059 613 1941 565 1788 1346 1623 866 1786 670 604 1353 1293 1050 1212 1562 979 327 774 254 1697 1624 133 229 391 158 748 903 1424 1690 1053 705 221 506 363 1188 1170 338 642 446 388 420 1413 1063 1181 1351 991 1190 503 156 1540 93 480 312 1803 304 306 1894 1826 188 1242 1010 1526 402 1125 695 179 1657 1017 168 498 1936 1693 1932 352 316 1684 219 1382 946 198 1468 1386 792 487 689 143 136 293 964 1497 1965 1024 1202 1067 1775 944 1967 247 984 1419 1153 1596 1219 1 46 985 145 754 1031 13 1584 155 1400 1992 1495 989 1251 1025 756 1090 942 1192 812 1100 164 483 839 1029 169 522 940 31 245 787 103 901 1381 838 444 1261 961 1662 1361 51 154 1731 783 1822 1032 1964 192 861 1418 1103 810 1485 23 675 1563 1347 836 1996 210 647 851 815 454 
minDistance: 2.41998
cost: 246754
capacity: 298731
time: 46612
maxTime: 60000
LS1: 8990/10299
LS2: 782/1309
LS3: 0/0
shakeIters: 513
shakeLoops: 48
