2.01553:445 2.06368:823 2.2514:1371 2.28224:1471 2.30785:1799 2.30976:2072 2.34344:2312 2.34358:2777 2.35888:3767 2.36132:19330 2.36185:19679 2.36528:22716 2.36543:22799 2.39431:38129 2.40001:45541 2.41998:45757 
976 643 1125 968 762 1183 1320 1092 1652 1043 838 285 1386 564 1370 499 1191 343 960 481 812 95 965 801 1697 1871 1103 856 480 642 1063 821 1240 198 1424 632 1032 1260 1256 1031 1976 1695 1902 1082 534 388 1488 1563 161 90 635 1727 559 364 503 1181 208 1700 1865 145 41 641 1369 133 1193 251 1463 961 574 1862 1893 714 1157 173 210 673 761 659 1453 701 1381 134 260 1067 1431 1619 688 1846 749 101 1479 710 1597 906 1916 944 86 888 1525 303 316 1527 1664 609 991 328 1438 1448 1296 486 1975 1884 333 1917 711 1226 666 675 1061 1156 1696 744 433 654 1614 663 138 824 1755 810 211 467 867 1515 1606 792 1069 1788 1485 428 70 115 682 1487 252 261 1851 751 191 340 1826 873 989 154 565 288 585 1786 168 118 800 1288 1497 508 742 1799 1212 394 901 1973 51 312 231 1922 705 1806 1955 1964 1926 109 1170 412 1605 774 1828 164 1803 757 1121 1199 1661 1189 553 1151 438 766 1153 1091 1988 1647 835 745 1017 699 522 380 1925 647 1136 648 292 247 435 620 1698 175 1904 221 306 73 1682 1047 1355 404 916 1361 220 1633 228 933 125 368 174 93 1959 942 1656 670 1824 1423 1006 903 1971 1887 1594 1819 417 756 1530 1084 953 1932 1952 373 530 155 1384 984 1182 267 1644 17 1250 15 1545 1604 1623 1910 1663 59 667 1849 501 492 1458 1285 68 775 1297 150 46 1053 1556 1419 1468 1943 169 23 1492 206 1938 329 81 498 1283 1790 547 319 1795 851 584 1360 1243 39 791 1562 1941 759 963 1962 362 1888 1618 1524 255 1461 193 720 997 723 880 487 1400 82 470 1814 1584 1118 1441 1100 1659 1105 572 1684 1540 1949 372 839 1217 866 54 1219 136 272 1635 13 1303 1569 178 1459 192 384 1693 1205 1399 986 689 954 1502 151 1812 156 25 704 637 1211 1338 100 218 1552 1526 232 259 1198 3 1753 219 454 1117 945 304 1671 1345 1706 1139 318 1106 1676 687 1626 1797 823 106 1245 815 1499 1571 223 1452 299 657 1714 1506 60 1810 1733 1731 1339 827 1192 1937 398 49 1662 322 783 506 1087 234 1825 194 327 865 1010 488 834 1743 1026 525 1805 1844 1200 410 715 964 1273 940 1268 1667 1024 1802 459 1280 1598 1214 658 1050 293 1472 754 1798 1508 350 31 89 787 1253 732 1736 1413 1996 165 1517 1447 748 1950 981 1630 167 483 895 44 1478 172 1768 1375 1978 1894 1750 254 853 1616 1586 181 1190 613 493 778 222 309 1059 535 1660 246 1533 1258 1070 1174 1 177 212 233 1366 355 665 1120 1842 179 363 302 214 446 1913 1261 158 985 1519 1726 557 709 1081 596 1350 579 520 1754 1073 556 1462 310 
minDistance: 2.41998
cost: 246788
capacity: 298765
time: 45757
maxTime: 60000
LS1: 9013/10207
LS2: 620/1194
LS3: 0/0
shakeIters: 558
shakeLoops: 53
