2.00508:340 2.06368:562 2.13166:1377 2.2341:1820 2.2514:1961 2.28224:2411 2.30785:2724 2.30976:7760 2.34358:8008 2.35441:8196 2.35888:9033 2.36132:11799 2.36543:13146 2.39431:38268 2.4118:39304 2.41998:42567 2.45835:47955 2.46703:49151 2.48566:50452 2.50137:55924 
352 648 1448 945 658 720 520 687 867 100 1280 1955 1667 1271 1258 786 1192 778 1942 565 1550 1103 1836 846 1399 812 901 637 1229 1851 348 723 1161 1784 1067 1937 1540 487 976 1796 301 732 1978 916 1976 810 467 1768 106 1317 613 1562 220 1375 1596 291 1695 125 643 666 271 1783 483 1812 866 1090 1905 1017 757 968 198 1634 433 873 1698 169 3 715 306 1211 975 254 1801 961 1418 852 1193 590 673 1932 880 343 304 1464 1803 1858 1397 522 773 1081 1727 1381 895 1526 167 1527 981 977 667 1552 756 173 635 179 222 1846 15 394 1604 1885 322 412 1495 705 119 1243 1092 1073 1136 792 1239 1656 953 1563 344 259 1360 1114 1621 1453 1630 168 374 1795 303 223 1025 82 1273 1592 362 247 1726 1461 642 1734 1959 1032 245 438 1253 1386 178 1492 1529 709 402 831 1975 1910 1651 1814 127 1151 1690 984 659 965 121 1219 572 101 1245 912 774 1053 1296 1240 814 942 492 1194 17 267 1244 1487 787 579 1175 139 1198 1949 503 1363 909 1799 1633 60 211 768 1438 675 328 1510 1091 928 688 821 1790 1191 73 1798 480 338 1250 682 486 851 310 232 742 1844 380 1797 59 584 292 457 699 165 1662 745 689 355 470 711 964 501 1339 944 1409 1472 229 823 417 1050 1753 1506 989 316 1938 1689 1350 903 855 933 1024 1902 192 1826 1153 89 1424 1283 1087 208 1174 924 1763 714 1865 1408 1781 1697 783 272 1297 134 1623 446 1706 1235 136 340 156 647 219 1711 822 44 1935 285 499 1661 1508 1887 1225 27 1199 46 789 888 1888 596 1828 1913 70 506 1586 545 1721 847 681 1839 1142 838 1108 145 1105 13 1043 1097 1922 1400 1419 1084 498 1459 1082 158 1971 255 251 459 1369 1525 744 81 609 1584 1 68 1819 1355 1181 1849 669 530 133 1926 51 1840 218 1754 751 1485 1502 1671 1693 396 1157 90 1063 1612 1214 1059 388 175 1120 161 1009 1743 233 1731 525 985 1556 300 1479 1226 1458 312 214 521 963 1842 1764 93 1991 692 260 1447 1684 754 379 1594 1256 534 710 212 1076 785 1950 1862 748 1632 191 1361 1260 1200 1598 1988 332 1554 1660 319 172 1936 1125 299 1366 420 801 1893 1190 25 190 1707 861 410 155 1384 1802 1121 210 1222 1212 143 1468 1659 477 763 1517 835 19 1045 946 704 1416 986 384 1261 206 1329 1952 559 1288 856 1825 874 1964 193 1006 231 1664 49 115 508 1100 234 1413 1647 31 1616 1996 547 766 1106 759 585 64 293 261 1139 339 1696 1441 991 1189 1292 1463 535 23 574 663 1423 478 641 1917 865 800 48 670 1031 488 41 252 556 181 640 
minDistance: 2.50137
cost: 246755
capacity: 298740
time: 55924
maxTime: 60000
LS1: 8515/9700
LS2: 630/1185
LS3: 0/0
shakeIters: 535
shakeLoops: 50
