1.75856:262 2.01553:598 2.06368:732 2.30785:1584 2.34358:4580 2.35441:9420 2.35888:9505 2.36132:24085 2.36543:33835 2.39431:52969 2.40242:56464 
328 457 839 206 1194 1285 662 1596 982 273 1651 168 1799 1212 1680 1798 675 766 100 1554 1059 1936 1189 976 247 1842 732 112 1922 556 912 699 1069 499 745 1350 1031 1506 1196 350 710 689 136 1419 340 536 723 1851 742 1671 964 997 1453 312 86 503 1360 384 251 880 1652 847 158 1814 483 1280 1788 807 1298 1091 1245 1552 355 1768 1106 299 1366 1174 1479 1726 1915 1105 1 272 68 1662 154 327 234 333 508 754 446 682 212 1695 933 1797 181 1644 1339 1103 901 895 773 1924 1222 792 1492 1185 815 179 768 1705 774 953 1441 1396 1121 670 1032 1545 462 343 1584 59 1401 1784 1529 1991 1948 1017 573 402 1400 1092 126 1125 1786 54 1849 1939 1193 1556 1345 1688 545 211 1743 1789 673 106 372 1008 1053 221 535 866 73 1988 1510 220 1192 1260 1508 1199 533 856 1463 635 906 685 467 480 1347 1618 1386 590 647 855 233 1684 715 525 1230 1151 417 1006 1200 701 304 1540 1526 944 991 1647 1002 1370 192 800 853 486 410 666 1375 1010 306 1697 1355 1423 667 1297 1188 1721 412 1682 1598 713 193 1488 950 219 1183 604 1081 1282 1283 1515 609 1211 362 1409 1952 1795 252 663 1862 1317 1813 705 232 150 559 470 368 1448 836 169 173 82 1844 522 125 1996 1894 1693 214 514 1250 1755 1225 1597 1384 1190 1256 130 1959 210 241 1727 1045 1925 783 1361 1606 916 1369 776 572 1502 914 373 118 332 1971 1660 1992 1170 1973 963 1775 1667 1485 1082 1594 1910 444 1926 363 1917 23 260 748 1237 659 954 649 1139 1614 995 1063 749 711 1136 1459 352 151 596 1763 223 897 1562 380 1240 178 1232 120 1073 1803 704 1783 688 1252 1603 1531 1736 1937 821 398 129 1156 1157 1416 256 1790 1995 143 984 1563 1497 1938 49 165 557 865 1462 1461 1893 669 956 51 1296 908 60 1772 1949 1043 1805 1978 90 127 833 391 1825 823 1828 231 841 585 1472 641 1024 365 438 1955 1888 867 881 1824 1935 1664 39 303 1810 1061 1819 1025 1117 322 720 164 167 288 1527 1696 310 1181 961 1408 1635 744 520 1288 498 851 1413 394 493 1760 254 292 70 643 873 46 530 1438 1781 1258 1120 95 156 1975 642 27 584 1616 175 258 965 1418 1656 1661 989 985 751 1533 285 759 1244 222 1500 801 812 553 538 1619 190 161 903 565 302 487 348 1087 316 1478 1268 835 613 1219 687 1964 1764 416 3 1706 25 385 1084 64 709 19 198 1253 1191 388 89 1186 1197 492 1976 15 1067 261 1714 1923 1932 1670 757 459 658 1698 172 218 1633 838 1802 113 174 1623 1487 1447 579 756 1753 1160 888 133 1887 1424 229 1014 1100 778 255 708 574 787 1604 506 1182 1399 714 1586 1381 1913 488 301 1338 1731 
minDistance: 2.40242
cost: 246757
capacity: 298734
time: 56464
maxTime: 60000
LS1: 8590/9856
LS2: 725/1266
LS3: 0/0
shakeIters: 530
shakeLoops: 51
