1.9545:655 2.01553:993 2.13166:1213 2.19814:1528 2.30785:1776 2.30976:51647 2.34358:51780 2.35888:52046 
1464 596 1671 965 1067 1280 1633 144 1819 254 1826 766 944 306 194 1106 19 1117 744 1798 456 984 754 181 1656 1230 1635 245 1074 565 1698 59 530 1410 1190 155 1 214 480 1944 1647 1105 136 175 976 434 1604 860 255 1916 1793 675 710 888 402 1567 1846 1571 327 503 1586 64 1419 1755 374 467 609 170 1081 1664 757 1935 982 1508 520 513 1253 608 1624 1084 1517 1770 332 508 1408 1984 384 89 234 417 277 1499 647 1996 761 1696 202 1298 525 364 1714 643 1032 1510 1978 1888 94 587 821 362 70 853 1743 749 732 1297 966 1941 1092 348 1828 1261 1806 1448 1069 492 1865 1842 1214 1731 1283 705 193 514 444 1955 394 1789 1584 1458 1506 1497 82 285 989 388 231 1029 134 158 1661 1844 1621 991 1795 223 1143 916 1525 1418 642 1375 538 604 114 1902 1041 1697 307 1320 1065 1409 778 1544 1502 954 1151 942 1684 1024 251 1011 1790 169 107 1952 695 559 1893 585 572 1350 1695 824 316 292 1384 296 73 1212 1663 1061 1515 15 1492 1258 1361 1563 1396 1463 365 1175 1043 1401 1082 1822 25 946 1250 964 1480 1913 659 1156 1139 1087 1006 177 1730 372 1706 635 743 252 242 106 219 1932 1197 929 1136 1053 206 1988 1416 682 890 46 1345 1414 1131 303 1937 506 1616 1912 1183 1938 310 343 312 759 1975 1753 1125 1596 1191 1533 748 17 340 1240 666 1894 173 786 1707 619 592 1597 118 704 535 304 1045 438 1360 1667 1651 827 649 567 1077 299 866 1682 1432 178 1339 756 584 156 1775 404 164 1296 218 1153 1461 244 924 1660 880 908 154 1157 1355 792 1799 222 1797 742 247 1453 1485 654 711 1540 1487 852 1173 1260 961 1632 1885 658 1288 1556 478 212 1198 1964 1279 355 368 100 1917 1186 151 1381 763 1727 641 373 1726 39 699 887 1399 1366 1413 1181 105 536 1346 483 985 309 512 670 1199 360 27 1550 1991 953 1091 415 613 488 1097 1479 487 23 1121 1423 1618 903 211 855 940 1271 179 1059 1010 1971 1764 911 1076 1910 1495 174 1468 1736 873 997 673 1317 161 31 1462 120 499 165 1031 1400 1245 1904 723 663 834 339 1959 220 1465 1243 1763 459 713 192 81 1612 689 1598 293 1142 457 232 168 1992 1768 1526 522 481 1386 420 687 115 1887 800 1644 44 1623 410 86 233 669 1531 322 1772 1070 486 172 579 1814 1063 963 715 667 498 618 681 1527 380 103 776 1839 1693 95 709 1813 229 1073 1803 745 1218 1652 1957 1630 1219 328 1216 751 1192 60 865 454 1552 1017 1424 783 385 1825 648 195 260 933 1594 1459 1140 1662 125 1851 272 117 1193 995 846 1478 1050 68 847 424 198 787 1562 801 1256 1268 446 835 1174 714 556 412 1103 1438 1200 812 
minDistance: 2.35888
cost: 246778
capacity: 298758
time: 52046
maxTime: 60000
LS1: 7551/8829
LS2: 740/1278
LS3: 0/0
shakeIters: 530
shakeLoops: 52
