1.87805:412 1.9545:697 2.01553:2086 2.13166:2497 2.16928:2667 2.28224:3176 2.30785:3265 2.30976:6657 2.34358:7189 2.35888:8947 
73 82 136 559 1098 1554 1447 322 1401 285 1902 1280 1191 1783 1652 1231 498 6 1106 972 756 1245 579 179 609 164 19 289 714 229 640 412 942 198 827 663 888 641 1165 1240 508 299 478 272 1656 300 218 1913 1664 787 1763 705 897 100 1803 1938 1120 23 459 1069 155 1586 252 245 1573 749 1894 46 193 371 1937 1157 151 1074 107 572 343 965 340 355 774 113 1926 1011 1971 499 745 173 1996 1386 1633 219 1661 1320 1462 1190 604 1736 1139 1597 470 786 743 1297 535 467 1823 711 1618 1697 1671 1659 1952 90 462 1438 1753 130 328 536 214 1616 1598 1506 221 1798 1006 835 1706 1594 1696 483 658 748 1623 1244 1466 1196 1250 1423 865 1596 27 812 454 44 211 1235 433 823 95 1584 1846 120 134 506 333 732 1347 1802 222 1084 1008 127 1073 338 1786 255 1917 486 592 662 1010 1375 169 701 1181 1416 613 1465 365 251 1258 989 1731 873 1941 1479 1812 1957 352 1982 1959 415 1825 1243 1182 1261 766 261 1017 940 598 1644 564 828 254 789 1284 247 1268 984 1091 1472 192 15 212 945 890 125 1186 388 3 657 1200 386 1580 1156 688 1413 145 866 860 402 1197 51 1356 1360 327 557 172 512 167 1544 1306 39 821 648 170 1768 59 964 25 534 950 1962 168 1844 304 773 565 1502 147 1097 1801 1441 643 1366 1747 417 178 1114 1925 1819 1684 1283 1556 99 332 933 593 953 778 385 916 1526 70 363 1082 939 912 1975 1339 220 373 1198 1081 114 807 1932 1826 1667 880 503 1647 420 1384 963 1049 1361 1851 846 1464 847 1 903 457 1885 1660 1813 1865 89 670 348 1432 487 585 642 1531 855 1517 1795 792 1797 761 1253 259 310 1346 68 997 232 961 1463 181 723 1790 1695 1118 757 574 1254 783 1487 316 1492 529 1137 488 277 1991 1635 530 1024 1527 1192 800 590 9 1764 1222 1459 1662 175 362 161 174 1726 985 1910 759 210 853 312 117 1151 271 1153 1108 236 446 1170 158 1142 1552 1772 1461 635 1949 1964 1012 493 687 109 394 1770 206 991 525 1848 1185 31 1942 368 1288 101 106 1485 851 1046 647 1230 556 1193 520 1125 86 64 956 81 667 1878 801 223 372 1693 1345 710 1453 1893 1799 584 1370 1219 1355 754 1721 1939 689 1067 709 744 231 742 60 1540 1688 596 1059 416 1828 306 977 234 1199 976 1562 1495 1698 410 944 1025 1842 666 1743 946 675 1296 1955 1400 1814 1063 177 1183 1508 704 870 1424 241 1468 1032 384 1045 1448 1043 1173 1009 1053 303 1121 1087 17 1211 1408 962 856 715 1092 1225 720 154 438 389 1988 682 1100 699 1105 1399 1935 307 1388 260 1525 1136 380 1789 165 1563 673 1871 292 1839 480 1031 195 1888 1515 
minDistance: 2.35888
cost: 246716
capacity: 298730
time: 8947
maxTime: 60000
LS1: 7698/8990
LS2: 747/1292
LS3: 0/0
shakeIters: 535
shakeLoops: 51
