1.87805:334 1.9545:910 2.06368:1057 2.08963:1189 2.13166:1515 2.2514:2475 2.30785:2768 2.30976:3007 2.34358:5790 2.35888:6649 2.36132:18980 2.36543:25010 
584 44 864 1597 167 76 1031 15 1199 1916 260 1121 1662 374 745 1497 1151 1552 1988 373 363 31 1188 299 1485 1556 748 1910 695 762 1530 1268 792 59 195 823 1736 467 444 1826 1471 13 144 1846 480 981 1492 1604 1037 933 169 1361 641 1356 1798 916 1010 256 1684 100 1280 1714 1603 1186 1935 1975 492 1802 1691 596 1253 1401 362 821 759 1381 1099 965 214 1671 1768 898 1424 1996 417 245 1750 348 1413 454 133 120 693 333 643 1955 1813 1784 1888 1073 136 1611 642 390 1140 1618 839 384 1160 801 1006 896 1211 380 1306 1682 1076 1504 1252 1616 165 1850 177 288 590 1799 1805 285 1964 1214 1198 572 1917 1526 1024 666 125 272 1059 483 1091 190 388 1727 1788 1978 800 1106 9 1894 847 1053 692 355 410 1409 912 565 145 1614 1452 1656 1865 1959 1120 329 1386 613 1534 174 919 953 501 1753 556 368 1400 438 1660 1770 1937 1212 1453 744 870 855 1834 470 989 851 715 1550 1419 181 1350 1884 522 173 399 503 1244 154 1517 1192 1117 699 1226 1092 783 619 1193 208 1468 756 575 1196 1432 1009 327 1139 1971 508 1472 95 1849 27 1307 846 178 1584 1562 73 773 175 459 498 1171 222 1250 1644 158 1461 446 1824 743 903 853 1623 462 70 193 838 101 255 1726 1179 1857 221 520 732 1384 681 961 81 117 1260 223 704 1032 192 1459 107 1586 1594 1183 247 1922 1516 372 394 687 194 976 412 1243 1296 352 113 1775 1942 1506 1288 667 778 1697 1772 945 908 1828 1347 873 487 787 914 1879 1743 1026 1806 234 277 1686 254 1069 1185 1355 499 1801 880 559 1043 1887 1369 1779 486 420 1944 1734 1701 86 1095 1680 1663 1360 742 161 1104 1842 1017 23 198 332 991 766 1508 1531 1366 179 1245 1173 1448 1502 493 1279 379 985 370 861 488 1495 1339 714 211 754 1893 874 1518 1487 768 343 1320 172 1803 1544 155 815 349 835 1844 82 1659 1114 608 689 68 1585 1074 212 131 530 1181 1851 865 1070 1689 376 1563 1812 1345 1100 328 303 1418 866 688 1222 1926 1839 210 490 1938 416 1090 579 1081 1952 1795 585 266 385 1540 1819 322 709 663 609 1190 1182 812 134 304 251 1240 316 312 1664 658 300 673 1067 1447 1731 1136 115 1105 1797 720 1087 232 648 219 292 1479 1399 1375 468 41 705 1170 810 757 1957 1 1084 306 827 151 402 1698 1061 1904 1825 1527 972 156 1297 25 1050 1525 1789 127 404 701 786 711 1969 109 1705 1554 46 1438 51 220 1219 218 1619 774 39 1764 1862 1706 1256 964 1693 525 1515 1647 506 1063 106 1125 1606 1283 164 1667 1463 1932 675 1051 231 90 984 89 1790 776 1082 1271 512 1200 1913 1441 1025 944 514 1014 963 1598 1633 1763 206 236 1258 168 654 1191 659 635 647 340 1118 888 
minDistance: 2.36543
cost: 246796
capacity: 298796
time: 25010
maxTime: 60000
LS1: 8748/10031
LS2: 766/1283
LS3: 0/0
shakeIters: 505
shakeLoops: 47
