1.75856:309 1.77606:569 1.87805:918 1.88683:1008 2.00508:1128 2.01553:2302 2.13166:2440 2.30785:3140 2.30976:4048 2.34358:25111 2.35441:25342 2.35888:26670 2.36132:34010 2.36185:43142 2.36528:43409 2.36543:46691 
260 1563 572 1667 1463 154 1214 232 412 1660 470 81 1506 1280 155 1182 1421 914 1618 277 906 39 1842 1797 1457 1424 272 1952 158 1487 1533 1472 1731 1980 1971 73 211 1999 1297 1517 49 1340 192 478 556 316 273 940 172 120 1736 673 873 338 1092 1867 1764 254 1988 1530 1495 1714 609 1775 1502 333 1032 950 1586 399 255 355 1619 9 1955 620 1805 133 178 156 306 285 851 1552 1893 480 667 1045 1225 214 1385 810 538 304 1258 486 1680 1616 692 579 380 709 1413 1355 953 362 174 1244 865 1447 1978 1784 113 1996 710 1594 206 1633 786 1938 318 1408 756 1630 501 343 1232 1862 1697 1384 659 433 642 1245 1632 1992 1661 1935 488 89 605 1904 1849 1375 307 1193 1694 1913 1105 530 417 1957 908 1339 101 1743 1865 964 169 118 1059 487 1623 219 1678 1140 1705 267 860 229 1598 1772 985 1142 1584 1283 801 322 942 1802 1647 1726 147 512 909 340 1240 1910 51 1693 1050 596 812 1779 1024 459 177 444 510 365 1949 946 1296 1973 105 1925 1527 499 976 585 100 1888 602 1813 400 1798 1612 1386 82 743 1485 800 916 1662 1556 1396 1190 252 1250 1795 1554 1285 1082 1345 199 933 647 687 379 247 778 991 46 1006 997 792 613 1562 1959 164 766 1492 1763 446 1154 1067 54 193 1303 1053 1510 1531 210 705 15 1416 618 1350 748 1670 348 506 1070 1706 1975 234 233 292 1753 787 880 1360 928 1185 327 835 161 1181 359 93 1644 1812 420 866 1100 1712 1192 584 60 457 590 1696 666 637 165 384 534 312 1157 956 1047 492 944 1652 1964 749 708 1361 23 309 553 823 1336 17 715 1468 574 1651 1170 44 989 1347 1828 954 1423 175 1844 107 732 1260 498 1120 1824 490 1198 438 1508 1205 167 1822 688 1118 293 1826 1462 1121 643 1887 1799 251 41 1942 1288 212 86 1125 670 1160 704 1803 1020 70 1814 565 310 754 1461 179 1380 388 744 1212 1419 1458 1252 136 1031 742 173 332 658 649 1465 181 261 1010 963 106 1544 965 1671 559 783 1081 303 1453 1279 867 1540 1954 402 1151 745 1043 1525 1479 1104 3 1620 1243 641 1199 222 1596 1381 1664 1790 1282 218 223 1741 821 1879 513 689 1711 720 1189 1063 363 838 856 1087 95 410 59 1789 757 1268 1275 1926 982 198 168 241 1932 912 663 1659 984 467 1698 1656 1401 888 1819 36 483 714 1106 1286 1721 979 522 1061 1635 1604 1695 901 1139 604 961 256 1230 1253 1991 25 929 493 68 1783 890 675 391 349 220 855 1097 328 774 525 853 31 1438 404 1684 1400 394 903 1109 1238 1191 1484 1851 1917 1515 1 1409 1846 1452 508 64 1183 231 1084 374 125 1526 759 1909 1017 1448 1478 1682 1219 1459 385 1074 695 
minDistance: 2.36543
cost: 246797
capacity: 298762
time: 46691
maxTime: 60000
LS1: 8211/9397
LS2: 640/1186
LS3: 0/0
shakeIters: 530
shakeLoops: 51
