1.88683:396 1.9545:487 2.06368:776 2.28224:1186 2.30785:1387 2.34358:2164 2.35888:2945 2.36132:6219 2.36543:9208 2.40242:20945 2.41998:51670 2.46703:51906 2.47054:58282 2.48566:59389 
255 1980 1082 1006 133 1664 1851 303 1926 1200 1320 59 1399 312 585 1075 553 1506 756 984 1828 1515 1975 1695 60 1258 1584 961 1667 991 103 506 1964 1497 1097 1530 1288 1721 1453 1647 483 1059 1813 572 1174 1949 46 1797 954 260 1825 1045 976 493 1556 1996 155 1043 1510 1050 1495 742 1199 1683 1626 36 609 1598 559 1682 355 19 1755 1727 456 1470 801 810 1814 459 508 1712 247 1419 17 322 681 1596 1772 172 1463 165 154 766 139 499 989 641 332 348 316 1504 328 530 1081 1801 778 985 675 1884 1937 70 1193 1250 1784 1612 23 193 912 210 1053 1400 945 136 1659 1644 1296 855 720 1092 807 865 1865 975 309 1260 1218 759 214 1819 1355 470 1527 705 1416 579 1526 1424 1696 687 444 619 1492 13 1518 319 1386 666 410 1047 1384 1347 715 1706 838 1733 836 1219 1652 1061 156 394 1087 821 873 273 115 1120 689 1879 388 1690 658 384 306 1656 815 1459 1190 234 748 1978 338 1413 901 1237 1339 1910 1562 417 565 220 208 480 1382 495 1655 1447 1375 1105 241 745 669 177 933 1192 1525 120 1788 1069 219 1139 1502 1932 1401 890 1408 964 1283 1360 667 1770 44 1285 1799 1245 1157 1253 41 1303 1186 89 822 940 1731 3 1925 1842 1724 1763 1216 1244 1952 800 1136 1888 195 181 125 379 525 376 100 590 596 1691 648 1297 285 1955 212 1485 412 1698 198 787 134 304 1790 944 259 1191 1369 492 1448 786 1846 835 704 1121 1231 299 1849 1468 1616 604 898 402 688 27 1471 143 1095 1871 1160 1954 1151 95 1212 329 168 903 613 1586 1256 1280 789 1697 1381 231 751 145 757 536 1753 1802 1474 118 1181 853 293 362 1887 701 852 1693 1684 232 272 714 1803 1764 150 1211 1438 709 1478 446 1230 997 360 1458 487 374 1229 1091 647 372 245 939 31 1317 1240 953 82 131 584 914 1432 1309 1812 251 1350 1634 1487 169 1743 1531 643 1041 501 699 1618 522 906 659 534 860 1243 1479 754 1067 1862 503 1623 1680 1361 642 574 1225 438 916 792 657 222 192 1563 1734 343 363 396 1499 81 663 1959 513 880 888 949 520 178 535 1540 895 261 1106 1063 556 15 1017 1331 1893 1029 498 292 1025 1662 1939 637 161 1550 1268 127 73 732 866 1917 211 874 744 1117 173 1603 488 51 1913 1153 206 106 620 1726 1935 1660 1971 1594 1671 1651 1938 9 924 963 151 1031 1907 598 179 164 25 1663 711 1032 673 167 1988 223 233 773 68 1182 1950 1597 1783 1657 1508 254 1461 1621 965 981 1140 275 218 812 1084 1026 158 340 1100 1103 1024 1348 1517 90 424 1844 1736 1798 380 682 1992 1795 1894 1357 1366 1633 1222 467 1554 1552 1125 635 252 
minDistance: 2.48566
cost: 246789
capacity: 298766
time: 59389
maxTime: 60000
LS1: 9076/10277
LS2: 645/1201
LS3: 0/0
shakeIters: 542
shakeLoops: 50
