6.4:9 6.7:20 6.8:51 6.9:105 7:333 7.1:3248 7.2:10983 
28 118 489 207 439 386 94 182 32 351 67 103 146 148 371 137 238 282 205 369 62 212 434 215 364 204 376 417 299 407 446 111 275 85 326 410 181 440 22 89 132 55 145 405 421 319 5 47 190 19 234 480 473 107 303 313 76 460 452 482 428 413 157 18 287 149 7 35 200 177 430 105 45 231 25 38 153 321 359 479 457 92 202 121 294 135 128 175 2 426 484 70 490 195 142 293 98 464 397 216 411 252 114 423 16 290 339 167 219 41 196 336 329 454 166 83 50 9 278 172 188 499 
minDistance: 7.2
cost: 60766
capacity: 74159
time: 10983
maxTime: 60000
LS1: 79519/92781
LS2: 5674/13262
LS3: 0/0
shakeIters: 7575
shakeLoops: 755
