6.7:15 6.8:43 6.9:94 7:256 7.1:1010 7.2:1707 
499 303 351 45 195 282 94 364 22 212 9 83 2 480 339 238 286 294 28 205 369 35 299 148 359 111 326 118 219 421 321 319 200 172 98 405 207 182 434 413 407 482 32 313 452 135 67 221 386 376 375 142 50 484 489 113 41 464 71 316 62 108 196 46 371 105 92 278 229 174 382 114 446 216 181 348 55 38 204 167 18 5 449 234 263 121 430 231 177 411 209 473 293 215 426 275 175 47 387 107 336 7 123 290 166 440 490 128 190 329 287 428 457 237 213 70 460 202 410 439 145 
minDistance: 7.2
cost: 60759
capacity: 74189
time: 1707
maxTime: 60000
LS1: 75212/89267
LS2: 6300/14055
LS3: 0/0
shakeIters: 7738
shakeLoops: 769
