6.8:39 6.9:219 7:348 7.1:2019 7.2:2180 7.3:6887 
209 41 202 339 473 319 499 376 313 32 36 364 287 128 166 83 286 2 359 484 9 153 293 50 421 17 321 290 190 237 351 16 326 299 181 70 417 205 238 67 177 405 175 460 28 145 430 336 94 18 228 490 457 121 92 436 382 159 464 433 440 263 212 426 47 386 446 434 38 7 371 413 195 248 489 55 452 468 439 167 196 142 62 182 157 135 170 204 148 411 111 449 22 428 35 5 231 482 114 407 234 254 107 410 76 215 45 475 294 46 105 329 200 369 414 188 118 207 480 98 
minDistance: 7.3
cost: 60760
capacity: 74154
time: 6887
maxTime: 60000
LS1: 73648/86235
LS2: 5151/12587
LS3: 0/0
shakeIters: 7417
shakeLoops: 738
