6.9:26 7:84 7.2:2605 7.3:35915 
446 67 359 287 407 263 473 364 166 182 111 92 175 278 83 113 5 188 293 63 124 221 229 76 200 105 290 35 452 313 238 32 329 460 351 339 128 101 28 18 410 190 2 94 45 421 55 50 457 177 47 286 38 205 299 148 449 336 167 181 480 499 125 440 207 275 142 411 482 114 70 326 22 439 430 484 172 196 121 153 59 489 294 204 149 16 219 215 464 468 234 145 490 321 369 41 371 376 202 209 434 405 231 118 98 212 319 195 375 428 7 320 135 107 237 9 248 413 
minDistance: 7.3
cost: 60745
capacity: 74157
time: 35915
maxTime: 60000
LS1: 76046/89200
LS2: 5662/13154
LS3: 0/0
shakeIters: 7482
shakeLoops: 747
