6.8:16 6.9:63 7:361 7.1:963 7.2:1271 
321 413 22 394 9 460 351 94 339 440 452 336 19 114 135 254 55 128 177 207 375 17 275 449 7 327 175 107 397 329 287 319 282 118 76 182 386 410 484 70 195 181 121 35 215 196 426 407 464 219 332 364 457 216 18 373 148 294 299 234 71 293 209 50 237 473 475 382 482 41 434 32 190 142 47 38 263 98 468 439 490 67 316 92 359 83 212 105 430 16 286 166 313 479 159 111 2 205 170 499 405 231 62 25 229 489 45 202 411 145 446 428 480 385 303 369 238 167 5 376 221 200 204 
minDistance: 7.2
cost: 60771
capacity: 74166
time: 1271
maxTime: 60000
LS1: 79052/93482
LS2: 6531/14430
LS3: 0/0
shakeIters: 7890
shakeLoops: 787
