6.6:16 6.7:27 6.8:39 6.9:285 7:382 7.1:1388 7.2:2599 
145 499 170 385 386 311 94 190 83 46 237 114 480 413 121 426 202 207 263 45 188 195 490 17 319 9 92 231 32 457 287 70 359 407 98 153 316 200 351 303 376 484 286 159 440 47 55 405 221 439 196 105 428 219 148 446 299 421 321 479 16 205 339 67 238 181 452 293 229 468 204 38 364 182 234 336 62 489 175 50 482 135 128 329 369 411 167 215 430 111 41 107 166 464 118 209 294 460 76 313 22 2 28 177 35 7 473 434 212 403 410 282 371 449 216 326 5 
minDistance: 7.2
cost: 60776
capacity: 74282
time: 2599
maxTime: 60000
LS1: 82644/96776
LS2: 5468/14132
LS3: 0/0
shakeIters: 8651
shakeLoops: 862
