6.8:30 6.9:233 7:1730 7.1:2100 7.2:6170 
237 278 484 489 216 157 371 299 329 175 219 9 16 135 482 454 172 464 263 5 313 38 145 439 282 148 326 177 336 67 35 83 426 457 434 47 386 410 202 316 359 41 128 55 111 76 205 428 480 319 473 452 339 18 468 114 204 195 430 207 209 351 118 449 94 7 294 293 440 413 238 499 369 50 407 234 375 98 490 376 32 153 411 405 45 286 105 460 25 70 275 166 22 212 200 121 475 28 321 364 181 446 215 182 62 196 188 311 190 287 231 167 421 303 107 108 2 
minDistance: 7.2
cost: 60731
capacity: 74212
time: 6170
maxTime: 60000
LS1: 81114/94662
LS2: 5110/13548
LS3: 0/0
shakeIters: 8426
shakeLoops: 838
