6.7:23 6.8:49 6.9:125 7:615 7.1:800 7.2:1405 7.3:26278 
107 216 94 452 484 294 434 299 153 190 76 167 336 386 159 293 111 410 234 221 440 28 125 473 5 32 145 98 286 50 490 16 7 38 18 411 426 114 166 421 70 430 446 248 238 480 196 489 233 460 195 35 67 332 319 439 209 215 405 207 135 175 200 413 99 121 9 359 263 449 100 313 339 41 128 105 202 118 45 364 482 407 351 275 172 369 92 59 464 2 205 229 287 47 204 231 326 371 212 55 177 22 428 321 499 237 181 148 62 457 182 468 376 83 142 329 
minDistance: 7.3
cost: 60772
capacity: 74171
time: 26278
maxTime: 60000
LS1: 75875/89126
LS2: 5379/13251
LS3: 0/0
shakeIters: 7855
shakeLoops: 783
