6.8:14 6.9:154 7:278 7.1:787 7.2:1068 7.3:8486 
32 449 45 383 181 234 204 231 248 153 484 5 428 128 321 70 142 111 414 339 446 55 286 159 200 22 18 215 148 313 369 480 195 207 16 359 233 190 385 490 135 421 67 364 7 83 278 293 405 196 62 53 47 145 351 434 263 41 202 107 167 76 319 329 452 430 94 499 2 371 157 407 457 376 287 413 254 188 426 299 175 475 9 410 216 326 290 386 464 489 166 294 121 205 411 38 482 436 212 35 336 50 17 440 118 114 177 237 92 473 417 238 182 460 105 28 98 439 468 
minDistance: 7.3
cost: 60782
capacity: 74175
time: 8486
maxTime: 60000
LS1: 72690/84872
LS2: 4936/12182
LS3: 0/0
shakeIters: 7233
shakeLoops: 721
