46.4:38 48:102 49.6:117 49.8:754 50.9:1181 51.6:1251 51.8:1584 52.3:5325 52.9:17112 54.9:17768 55.4:40897 56:41115 56.8:48754 57:48801 57.5:49885 58:50290 
322 143 491 442 69 107 437 53 286 410 95 236 480 178 375 413 344 488 324 242 195 408 398 300 399 126 97 345 359 433 279 485 482 227 209 377 85 212 291 206 450 91 478 150 58 441 31 185 318 371 117 475 28 159 52 338 385 194 301 261 268 348 141 274 411 457 241 200 215 
minDistance: 58
cost: 61792
capacity: 49072
time: 50290
maxTime: 60000
LS1: 476024/494462
LS2: 5138/18438
LS3: 0/0
shakeIters: 13282
shakeLoops: 1325
