35.5:19 42.4:41 43.8:303 43.9:487 49.2:515 49.5:564 50.7:1511 51.5:1626 51.8:1629 52:2701 53.4:2709 55.4:2978 55.9:3430 57:3968 57.2:4857 57.5:7932 
17 261 209 143 388 81 493 57 355 264 339 441 65 176 338 19 435 185 324 474 187 164 107 482 36 399 137 194 449 211 53 138 430 222 52 410 375 371 144 58 318 274 26 469 233 265 377 500 129 31 442 212 408 411 173 437 69 279 331 286 467 300 64 156 428 429 480 419 360 
minDistance: 57.5
cost: 61903
capacity: 49023
time: 7932
maxTime: 60000
LS1: 461668/480959
LS2: 6454/19291
LS3: 0/0
shakeIters: 12821
shakeLoops: 1279
