38.3:45 39.7:77 41.8:112 43.3:118 44.4:197 52:227 52.3:533 53.9:543 54.5:548 55.4:627 55.6:632 56.4:714 57.8:885 
117 37 495 45 344 375 201 427 430 25 81 396 425 91 442 150 244 500 490 283 449 348 118 482 146 335 300 368 184 462 51 99 182 320 47 488 461 480 419 355 433 337 385 129 261 306 165 423 144 241 465 393 110 130 32 84 28 384 212 136 174 206 286 209 149 405 
minDistance: 57.8
cost: 58081
capacity: 49012
time: 885
maxTime: 60000
LS1: 393994/407798
LS2: 2380/13804
LS3: 0/0
shakeIters: 11411
shakeLoops: 1139
