36.4:25 38.3:47 40.8:70 41.8:77 42:127 42.1:136 43.9:163 44:170 46.4:242 50.4:254 51:300 51.8:352 52:357 53.6:408 54.2:589 54.5:1549 57.2:44965 57.4:44971 57.5:45074 
356 219 427 176 59 77 377 173 58 385 449 318 320 313 130 493 209 419 485 442 69 386 396 344 132 160 70 265 18 433 95 488 255 368 457 473 490 150 185 97 274 28 273 412 469 206 371 338 45 351 463 462 118 350 477 194 408 144 302 159 107 261 222 136 129 117 30 464 
minDistance: 57.5
cost: 61591
capacity: 49018
time: 45074
maxTime: 60000
LS1: 466359/485397
LS2: 5933/19038
LS3: 0/0
shakeIters: 13086
shakeLoops: 1305
