35.3:20 49.5:64 50.8:117 53.1:176 53.2:384 54.8:413 55.6:428 56.3:1300 57:5354 57.2:5972 
149 107 136 264 464 102 189 122 185 274 65 350 174 412 127 442 234 58 91 398 355 469 329 433 309 25 255 445 408 278 477 95 209 345 31 222 219 368 334 44 233 81 90 273 356 26 261 302 351 173 377 30 473 449 386 323 388 343 495 45 51 419 279 331 313 144 130 52 347 
minDistance: 57.2
cost: 59313
capacity: 49311
time: 5972
maxTime: 60000
LS1: 484784/502771
LS2: 4217/17987
LS3: 0/0
shakeIters: 13760
shakeLoops: 1374
