6.5:22 6.7:57 6.9:127 7:223 7.1:793 
140 442 143 329 293 128 47 105 243 22 191 272 93 453 349 205 13 436 296 469 204 447 330 198 238 28 206 235 149 445 42 210 126 30 418 132 239 441 176 1 175 156 261 224 481 7 138 33 393 185 25 240 301 73 458 363 237 45 306 299 88 190 419 339 209 201 129 34 75 256 382 305 374 82 31 448 162 216 192 483 290 241 279 122 327 186 24 496 19 119 280 387 121 68 380 413 170 275 324 227 251 284 110 262 497 57 320 218 297 489 17 343 69 83 452 359 135 217 316 168 302 120 391 456 318 
minDistance: 7.1
cost: 61362.2
capacity: 72229
time: 793
maxTime: 60000
LS1: 58495/70480
LS2: 4994/11985
LS3: 0/0
shakeIters: 6981
shakeLoops: 694
