6.1:11 6.5:19 6.8:285 6.9:344 7:378 7.1:540 
33 110 122 469 305 481 329 489 261 34 256 128 69 349 210 450 240 218 176 186 140 436 25 17 301 447 448 237 318 75 428 442 393 204 435 121 136 172 500 456 217 284 68 83 302 392 374 235 126 339 282 175 28 275 185 227 452 206 296 82 93 192 13 344 391 129 316 327 42 243 280 143 496 203 170 138 190 31 234 350 105 205 279 343 330 47 209 201 299 162 241 45 173 441 433 335 198 119 479 1 251 19 293 149 239 320 88 165 156 238 132 224 413 453 73 483 382 7 168 
minDistance: 7.1
cost: 61371.2
capacity: 72209
time: 540
maxTime: 60000
LS1: 52566/65492
LS2: 5835/12926
LS3: 0/0
shakeIters: 7079
shakeLoops: 704
