6.1:12 6.5:33 6.7:458 6.8:501 7:553 7.1:3134 
168 105 186 162 122 31 119 435 216 339 156 450 227 73 99 376 441 380 143 68 205 433 393 282 243 239 299 45 209 374 256 316 448 206 428 453 110 452 190 138 224 132 373 419 192 93 335 198 497 469 272 235 74 489 19 293 191 34 1 185 211 128 445 217 210 28 9 391 349 496 17 301 251 458 126 149 236 13 238 262 204 447 279 82 330 280 305 135 170 237 125 201 7 363 456 172 218 129 382 275 84 436 30 75 120 47 42 302 344 290 140 327 88 329 320 121 25 284 176 413 241 483 
minDistance: 7.1
cost: 61334.2
capacity: 72241
time: 3134
maxTime: 60000
LS1: 60177/73878
LS2: 6171/13701
LS3: 0/0
shakeIters: 7517
shakeLoops: 749
