6.1:9 6.2:44 6.5:69 6.8:236 6.9:269 7:321 7.1:427 
262 68 7 453 82 156 126 217 240 135 452 28 110 419 33 320 344 25 496 305 42 19 198 293 329 119 447 121 376 392 15 172 238 236 279 47 284 239 77 380 343 34 442 489 272 122 128 105 209 162 75 436 175 31 458 235 256 318 93 479 428 186 170 149 227 363 483 73 251 301 143 210 132 275 349 185 433 241 45 441 201 382 205 165 327 138 280 330 294 481 418 237 224 450 299 350 393 335 17 206 88 140 469 282 204 176 13 448 435 120 9 500 391 339 290 1 413 456 302 243 190 192 168 
minDistance: 7.1
cost: 61378.2
capacity: 72205
time: 427
maxTime: 60000
LS1: 53235/66843
LS2: 5813/13608
LS3: 0/0
shakeIters: 7783
shakeLoops: 774
