6:8 6.5:32 7:81 7.1:1127 
413 399 227 318 190 442 88 82 135 206 391 105 441 380 72 173 93 168 456 301 162 445 216 350 453 15 156 376 204 121 129 316 120 31 302 122 201 306 185 45 496 126 275 469 138 1 452 339 175 448 176 74 498 343 344 238 33 327 330 320 17 436 42 290 447 349 239 483 192 209 418 433 279 28 47 256 128 25 481 323 217 240 243 68 224 335 241 435 186 374 147 235 119 149 34 305 140 262 282 280 393 218 73 57 237 382 296 284 170 143 458 293 341 198 272 19 454 236 110 210 7 132 489 114 205 
minDistance: 7.1
cost: 61369.2
capacity: 72212
time: 1127
maxTime: 60000
LS1: 60716/74093
LS2: 5845/13377
LS3: 0/0
shakeIters: 7525
shakeLoops: 750
