6.5:12 6.9:55 7:183 7.1:862 
445 217 324 237 176 93 55 170 458 243 15 17 198 299 240 448 452 239 498 173 275 301 129 132 149 18 22 413 77 305 329 206 185 436 489 31 1 456 140 238 435 335 290 339 256 7 83 469 363 442 126 162 306 74 210 399 284 262 128 235 279 33 75 82 269 68 318 138 143 24 327 330 280 261 73 447 450 496 393 186 88 175 483 192 156 168 204 391 320 481 19 293 272 25 110 69 45 34 135 418 216 105 382 205 374 453 343 122 302 359 441 28 349 218 387 224 13 119 121 47 227 251 42 201 209 
minDistance: 7.1
cost: 61361.2
capacity: 72206
time: 862
maxTime: 60000
LS1: 58902/70895
LS2: 5024/11993
LS3: 0/0
shakeIters: 6958
shakeLoops: 694
