6.1:18 6.5:46 6.9:176 7:894 7.1:1729 
147 204 19 343 275 413 1 335 306 456 469 471 175 191 251 316 363 236 119 238 136 7 45 243 448 156 453 57 73 128 393 224 447 293 240 82 28 13 120 380 350 140 376 344 441 93 186 172 143 105 327 436 392 500 419 203 496 210 138 192 190 282 280 201 170 209 305 339 458 391 168 34 262 198 122 483 320 442 162 227 206 149 272 452 129 126 218 349 9 301 489 302 299 17 185 382 132 467 217 24 121 25 205 110 235 284 308 42 237 330 47 296 374 75 256 435 31 239 450 329 279 241 68 
minDistance: 7.1
cost: 61357.2
capacity: 72208
time: 1729
maxTime: 60000
LS1: 53814/65726
LS2: 4667/11912
LS3: 0/0
shakeIters: 7232
shakeLoops: 719
