6.1:10 6.2:26 6.4:51 6.5:62 6.8:304 7:369 7.1:1497 
31 335 136 34 500 299 206 419 343 302 284 1 162 344 170 47 42 149 218 350 293 275 243 442 308 272 239 227 25 210 120 175 105 256 131 28 138 236 233 376 143 19 186 185 496 74 391 316 204 450 156 441 453 17 296 436 447 374 349 413 320 306 433 110 282 13 140 77 467 471 235 144 176 201 262 33 128 224 147 121 393 363 132 72 452 7 392 456 382 469 46 237 125 251 241 190 119 489 84 301 435 330 93 75 327 203 448 280 217 481 305 279 129 198 45 82 458 168 192 339 73 68 57 126 483 238 341 205 
minDistance: 7.1
cost: 61365
capacity: 72222
time: 1497
maxTime: 60000
LS1: 55119/68230
LS2: 6506/13111
LS3: 0/0
shakeIters: 6592
shakeLoops: 655
