6.1:10 6.2:15 6.5:40 6.7:96 6.9:232 7:344 7.1:2737 
204 363 234 83 142 82 436 262 489 168 68 387 335 119 320 47 329 210 279 302 128 318 75 293 496 18 172 374 305 272 88 140 198 205 149 73 176 290 433 105 413 235 284 469 138 349 243 256 206 99 299 483 120 209 343 175 7 201 418 447 162 216 261 419 185 156 238 339 42 170 19 327 456 316 280 282 237 224 31 132 458 227 217 428 391 17 275 25 239 481 110 143 301 192 69 28 452 45 241 93 453 126 33 13 121 15 382 344 435 448 500 330 251 34 380 122 135 240 441 393 350 1 129 
minDistance: 7.1
cost: 61363.2
capacity: 72210
time: 2737
maxTime: 60000
LS1: 59326/72428
LS2: 5912/13102
LS3: 0/0
shakeIters: 7177
shakeLoops: 714
