6.1:6 6.8:50 6.9:98 7:146 7.1:3017 
83 256 143 452 34 233 339 308 149 162 496 489 279 46 99 447 25 138 481 453 126 47 329 203 251 301 413 471 185 428 132 320 436 227 218 129 190 330 299 69 293 140 445 349 343 186 316 240 7 136 458 205 24 239 441 31 238 68 172 168 393 201 469 216 192 110 243 350 93 456 170 439 483 82 206 209 448 73 77 198 128 237 17 241 33 261 272 275 374 121 120 204 45 156 19 42 382 210 235 282 144 305 344 1 280 30 391 105 28 119 327 13 284 176 467 302 217 224 173 75 
minDistance: 7.1
cost: 61362.2
capacity: 72209
time: 3017
maxTime: 60000
LS1: 57523/70402
LS2: 5375/12879
LS3: 0/0
shakeIters: 7491
shakeLoops: 747
