6.5:17 7:124 7.1:4175 
489 28 349 452 251 218 256 339 68 186 382 458 122 24 185 327 413 47 238 393 45 120 456 190 320 162 156 483 25 201 442 299 374 469 450 129 73 391 17 82 84 31 279 143 239 350 135 380 293 399 241 175 140 19 363 216 435 227 192 305 1 282 335 330 55 125 341 243 210 206 75 13 205 235 217 209 448 149 128 138 447 290 74 15 272 296 119 72 121 126 168 88 204 30 329 105 419 453 198 57 445 284 33 306 262 236 275 301 7 436 237 481 9 496 34 302 441 176 93 132 418 170 280 110 373 224 376 42 316 
minDistance: 7.1
cost: 61377.2
capacity: 72207
time: 4175
maxTime: 60000
LS1: 58151/70949
LS2: 6236/12798
LS3: 0/0
shakeIters: 6554
shakeLoops: 653
