6.1:7 6.5:29 6.8:112 7:163 7.1:358 
47 185 42 413 356 250 9 316 73 57 116 99 272 235 496 138 330 453 192 296 17 240 241 93 210 143 441 261 483 237 30 306 339 320 128 156 176 22 224 439 217 305 256 105 436 34 175 243 170 275 393 308 69 262 281 68 206 380 74 251 129 165 458 343 162 82 290 280 227 238 335 33 14 7 467 24 119 456 25 382 201 149 324 77 481 302 31 344 204 239 122 301 452 293 83 28 209 140 349 363 190 374 419 121 447 168 203 327 489 45 75 198 469 132 497 216 435 391 205 13 186 284 445 299 1 19 448 218 126 
minDistance: 7.1
cost: 61372.2
capacity: 72218
time: 358
maxTime: 60000
LS1: 50611/61583
LS2: 5016/10972
LS3: 0/0
shakeIters: 5945
shakeLoops: 591
