6.5:16 6.8:55 6.9:98 7:705 7.1:865 
129 302 31 305 489 329 45 436 170 493 275 301 210 413 399 374 132 272 243 198 350 30 240 471 24 185 128 190 251 135 469 13 7 209 82 239 205 83 380 69 122 296 186 458 136 121 382 224 261 1 343 206 33 456 88 19 217 441 280 327 349 496 68 453 299 448 445 447 418 393 172 119 237 452 369 238 192 93 105 279 176 168 216 241 335 75 73 262 126 156 17 442 227 235 149 293 110 55 330 339 25 138 282 42 450 435 47 316 318 256 391 481 204 201 284 140 28 306 419 218 143 162 34 320 
minDistance: 7.1
cost: 61326.2
capacity: 72222
time: 865
maxTime: 60000
LS1: 62417/74441
LS2: 4915/12024
LS3: 0/0
shakeIters: 7099
shakeLoops: 708
