6:14 6.1:20 6.2:51 6.7:82 6.8:111 7:147 7.1:1713 
448 251 186 176 442 483 28 138 93 206 168 279 33 13 77 119 282 239 9 190 250 350 82 306 34 19 132 233 419 308 496 172 458 296 363 205 382 217 450 110 216 121 128 453 126 469 129 456 320 156 47 275 30 170 240 318 280 262 209 447 374 162 335 393 243 210 290 343 192 204 413 201 481 224 31 344 339 165 452 75 238 120 256 302 391 72 185 284 489 349 73 327 435 380 57 227 42 445 149 24 293 203 140 330 376 241 17 105 45 301 68 235 436 237 272 467 143 316 7 441 1 236 329 25 218 305 198 175 
minDistance: 7.1
cost: 61342.2
capacity: 72215
time: 1713
maxTime: 60000
LS1: 57879/70732
LS2: 5740/12853
LS3: 0/0
shakeIters: 7102
shakeLoops: 707
