6:12 6.5:46 6.7:283 6.9:329 7:389 7.1:663 
428 261 31 282 165 350 290 75 473 318 450 186 34 301 447 235 156 238 138 320 47 1 343 218 17 305 441 33 329 205 140 448 143 344 243 316 433 299 73 251 209 119 198 120 19 453 413 293 237 83 341 135 168 15 82 452 296 463 349 240 149 435 25 392 204 88 162 391 456 69 239 18 327 201 382 481 330 28 489 185 176 436 121 339 496 458 279 45 128 280 419 42 129 122 227 126 210 483 93 192 393 105 256 132 217 68 13 442 262 500 110 7 380 241 170 469 374 275 302 206 284 224 175 
minDistance: 7.1
cost: 61351.2
capacity: 72216
time: 663
maxTime: 60000
LS1: 52001/65703
LS2: 6824/13702
LS3: 0/0
shakeIters: 6866
shakeLoops: 683
